1000 3778
0.417022	0.997185
0.720324	0.932557
0.000114	0.128124
0.302333	0.999041
0.146756	0.236089
0.092339	0.396581
0.186260	0.387911
0.345561	0.669746
0.396767	0.935539
0.538817	0.846311
0.419195	0.313274
0.685220	0.524548
0.204452	0.443453
0.878117	0.229577
0.027388	0.534414
0.670468	0.913962
0.417305	0.457205
0.558690	0.430699
0.140387	0.939128
0.198101	0.778389
0.800745	0.715971
0.968262	0.802758
0.313424	0.092801
0.692323	0.518153
0.876389	0.865020
0.894607	0.829147
0.085044	0.829603
0.039055	0.273050
0.169830	0.059243
0.878143	0.670528
0.098347	0.593066
0.421108	0.671654
0.957890	0.411788
0.533165	0.197551
0.691877	0.289630
0.315516	0.142120
0.686501	0.783314
0.834626	0.412539
0.018288	0.034171
0.750144	0.624030
0.988861	0.660636
0.748166	0.298495
0.280444	0.446135
0.789279	0.222125
0.103226	0.073364
0.447894	0.469239
0.908596	0.096172
0.293614	0.903370
0.287775	0.119490
0.130029	0.524799
0.019367	0.083623
0.678836	0.916861
0.211628	0.910448
0.265547	0.298930
0.491573	0.584389
0.053363	0.565912
0.574118	0.613938
0.146729	0.956536
0.589306	0.260979
0.699758	0.231015
0.102334	0.533448
0.414056	0.949938
0.694400	0.493060
0.414179	0.540601
0.049953	0.765485
0.535896	0.045346
0.663795	0.139966
0.514889	0.792404
0.944595	0.029801
0.586555	0.883125
0.903402	0.540788
0.137475	0.447980
0.139276	0.892136
0.807391	0.377584
0.397677	0.538425
0.165354	0.652299
0.927509	0.361261
0.347766	0.571009
0.750812	0.637836
0.725998	0.126315
0.883306	0.690205
0.623672	0.647749
0.750942	0.353939
0.348898	0.763233
0.269928	0.356532
0.895886	0.752788
0.428091	0.881342
0.964840	0.011669
0.663441	0.498109
0.621696	0.073792
0.114746	0.786951
0.949489	0.064067
0.449912	0.355310
0.578390	0.941837
0.408137	0.379803
0.237027	0.762920
0.903380	0.771595
0.573679	0.301361
0.002870	0.772739
0.617145	0.152930
0.326645	0.578634
0.527058	0.009008
0.885942	0.709043
0.357270	0.470641
0.908535	0.764593
0.623360	0.467393
0.015821	0.269001
0.929437	0.831693
0.690897	0.551325
0.997323	0.070081
0.172341	0.472475
0.137136	0.742765
0.932595	0.191956
0.696818	0.464312
0.066000	0.230363
0.755463	0.508248
0.753876	0.208568
0.923025	0.049304
0.711525	0.518862
0.124271	0.172278
0.019880	0.396313
0.026211	0.107365
0.028306	0.509810
0.246211	0.102135
0.860028	0.288718
0.538831	0.231758
0.552822	0.967668
0.842031	0.278319
0.124173	0.233623
0.279184	0.091556
0.585759	0.570067
0.969596	0.417927
0.561030	0.367843
0.018647	0.812995
0.800633	0.289760
0.232974	0.717392
0.807105	0.612948
0.387861	0.426910
0.863542	0.751873
0.747122	0.427813
0.556240	0.428382
0.136455	0.361904
0.059918	0.153338
0.121343	0.937190
0.044552	0.916410
0.107494	0.781958
0.225709	0.616329
0.712989	0.035999
0.559717	0.654324
0.012556	0.129770
0.071974	0.294359
0.967276	0.360815
0.568100	0.274645
0.203293	0.073969
0.252326	0.152137
0.743826	0.161619
0.195429	0.938712
0.581359	0.371134
0.970020	0.050018
0.846829	0.740956
0.239848	0.298680
0.493770	0.204358
0.619956	0.981757
0.828981	0.893021
0.156791	0.759349
0.018576	0.651121
0.070022	0.039684
0.486345	0.813876
0.606329	0.762573
0.568851	0.455282
0.317362	0.531826
0.988616	0.109336
0.579745	0.146033
0.380141	0.508789
0.550948	0.215650
0.745334	0.916444
0.669233	0.462153
0.264920	0.132267
0.066335	0.764242
0.370084	0.212734
0.629718	0.074258
0.210174	0.095419
0.752756	0.162206
0.066536	0.356464
0.260315	0.095308
0.804755	0.143263
0.193434	0.931013
0.639461	0.576584
0.524670	0.839645
0.924808	0.623292
0.263297	0.324518
0.065961	0.728012
0.735066	0.522737
0.772178	0.736811
0.907816	0.165406
0.931972	0.687058
0.013952	0.426811
0.234362	0.728557
0.616778	0.756335
0.949016	0.397611
0.950176	0.925200
0.556653	0.203510
0.915606	0.008003
0.641566	0.926351
0.390008	0.294512
0.485991	0.166952
0.604310	0.024102
0.549548	0.452002
0.926181	0.808339
0.918733	0.368377
0.394876	0.609207
0.963263	0.034848
0.173956	0.354577
0.126330	0.078520
0.135079	0.693185
0.505662	0.012713
0.021525	0.459545
0.947970	0.961317
0.827115	0.334185
0.015019	0.472083
0.176196	0.105391
0.332064	0.503076
0.130997	0.885690
0.809491	0.534377
0.344737	0.281477
0.940107	0.354585
0.582014	0.896280
0.878832	0.241489
0.844734	0.023884
0.905392	0.965727
0.459880	0.429968
0.546347	0.346289
0.798604	0.577068
0.285719	0.126526
0.490254	0.950043
0.599110	0.313611
0.015533	0.952831
0.593481	0.218393
0.433676	0.248700
0.807361	0.863802
0.315245	0.235268
0.892889	0.815100
0.577857	0.543897
0.184010	0.191260
0.787929	0.588840
0.612031	0.048137
0.053909	0.015873
0.420194	0.049711
0.679069	0.399415
0.918602	0.576904
0.000402	0.867517
0.976759	0.786162
0.376580	0.254703
0.973784	0.082255
0.604716	0.157756
0.828846	0.209493
0.574712	0.417383
0.628076	0.347690
0.285576	0.699884
0.586833	0.697509
0.750022	0.074724
0.858314	0.036470
0.755082	0.789400
0.698057	0.900529
0.864479	0.004663
0.322681	0.264203
0.670789	0.467377
0.450874	0.359816
0.382103	0.240218
0.410811	0.023169
0.401480	0.531668
0.317384	0.130195
0.621919	0.561459
0.430247	0.167831
0.973802	0.421075
0.677801	0.684688
0.198570	0.273900
0.426701	0.010000
0.343346	0.219866
0.797639	0.031956
0.879998	0.934872
0.903842	0.782092
0.662720	0.517594
0.270208	0.016463
0.252367	0.298800
0.854898	0.540720
0.527715	0.859884
0.802161	0.185114
0.572489	0.083546
0.733143	0.044272
0.519012	0.443808
0.770884	0.019319
0.568858	0.067032
0.465710	0.811772
0.342689	0.636291
0.068209	0.772850
0.377924	0.705682
0.079626	0.238211
0.982817	0.044418
0.181613	0.281217
0.811859	0.865090
0.874962	0.073123
0.688413	0.660332
0.569494	0.187379
0.160971	0.522287
0.466880	0.903879
0.345172	0.475153
0.225040	0.847022
0.592512	0.838779
0.312270	0.139280
0.916306	0.540305
0.909636	0.467085
0.257118	0.218683
0.110891	0.440828
0.192963	0.480278
0.499584	0.333284
0.728586	0.008913
0.208194	0.505464
0.248034	0.673147
0.851672	0.055459
0.415849	0.157580
0.616685	0.605103
0.233666	0.319224
0.101967	0.890517
0.515857	0.790374
0.477141	0.217499
0.152672	0.200209
0.621806	0.680440
0.544010	0.156217
0.654137	0.510361
0.144546	0.988065
0.751528	0.144692
0.222049	0.048300
0.519352	0.899064
0.785296	0.715330
0.022330	0.310328
0.324362	0.392940
0.872922	0.080784
0.844710	0.352121
0.538441	0.001013
0.866608	0.624630
0.949806	0.200271
0.826407	0.625112
0.854115	0.321452
0.098743	0.047318
0.651304	0.723365
0.703517	0.759252
0.610241	0.406304
0.799615	0.704335
0.034571	0.585359
0.770239	0.969565
0.731729	0.303878
0.259698	0.313755
0.257069	0.226462
0.632303	0.672335
0.345297	0.778922
0.796589	0.512662
0.446146	0.615265
0.782749	0.045661
0.990472	0.446100
0.300248	0.968013
0.143006	0.359560
0.901308	0.554032
0.541559	0.411354
0.974740	0.966047
0.636604	0.203058
0.993913	0.992827
0.546071	0.659200
0.526426	0.809077
0.135428	0.458151
0.355705	0.887308
0.026219	0.533934
0.160395	0.577279
0.745637	0.917498
0.030400	0.314147
0.366543	0.726138
0.862346	0.805236
0.692678	0.480063
0.690942	0.487574
0.188637	0.841410
0.441904	0.555528
0.581577	0.269881
0.989752	0.486743
0.203906	0.275846
0.247733	0.225390
0.262173	0.646754
0.750172	0.921134
0.456975	0.200475
0.056929	0.879853
0.508516	0.465808
0.211960	0.724980
0.798604	0.302871
0.297331	0.489007
0.027606	0.203674
0.593432	0.088616
0.843840	0.165690
0.381016	0.502997
0.749858	0.787581
0.511141	0.903602
0.540952	0.219524
0.959434	0.738131
0.803961	0.257803
0.032323	0.564209
0.709387	0.132430
0.465001	0.372088
0.947549	0.082855
0.221433	0.505726
0.267072	0.694407
0.081474	0.456978
0.428619	0.361275
0.109019	0.816008
0.633787	0.045812
0.802963	0.387828
0.696800	0.458523
0.766211	0.735732
0.342454	0.909637
0.845851	0.277405
0.428769	0.817768
0.824010	0.656316
0.626496	0.011280
0.143423	0.735354
0.078387	0.603495
0.018333	0.680019
0.066725	0.583960
0.458584	0.573521
0.113342	0.361017
0.027783	0.958700
0.754861	0.986943
0.394850	0.387135
0.746938	0.836180
0.452405	0.982142
0.450087	0.585353
0.478073	0.670932
0.474004	0.086257
0.803163	0.991451
0.402393	0.779500
0.904686	0.994365
0.037061	0.653690
0.773874	0.037428
0.125641	0.719089
0.618514	0.688116
0.010364	0.608813
0.538627	0.106211
0.003018	0.280685
0.951194	0.776215
0.905402	0.890166
0.795967	0.510599
0.915274	0.715708
0.145558	0.077779
0.157730	0.615304
0.187632	0.837804
0.622496	0.696005
0.905809	0.555059
0.989955	0.861190
0.711122	0.745322
0.731800	0.264549
0.909293	0.999769
0.400874	0.573732
0.249851	0.639059
0.173430	0.489700
0.119457	0.889375
0.812611	0.874510
0.146792	0.847790
0.264297	0.647724
0.819089	0.585579
0.310587	0.281583
0.982417	0.991654
0.266639	0.799661
0.533653	0.501636
0.314467	0.772315
0.910773	0.124280
0.366557	0.921018
0.433592	0.044837
0.512293	0.228605
0.938886	0.842486
0.030949	0.305572
0.716879	0.484322
0.891019	0.650054
0.027287	0.143943
0.522051	0.305798
0.325990	0.886920
0.859489	0.886842
0.558517	0.515217
0.690228	0.267088
0.452853	0.880343
0.628309	0.497983
0.290097	0.333439
0.009349	0.894697
0.576756	0.204483
0.311444	0.819605
0.517268	0.838838
0.916406	0.522796
0.426475	0.161938
0.247396	0.948977
0.371294	0.059449
0.931861	0.886499
0.936868	0.574344
0.844330	0.378847
0.920207	0.640905
0.227900	0.127807
0.087482	0.406703
0.227310	0.356410
0.314377	0.151156
0.174766	0.856473
0.607094	0.102008
0.413586	0.953121
0.816352	0.166814
0.185130	0.439404
0.701877	0.160416
0.240356	0.879272
0.574219	0.478450
0.348988	0.399153
0.056964	0.275470
0.228814	0.051641
0.664103	0.138715
0.497250	0.778638
0.519016	0.178053
0.174720	0.583439
0.570716	0.928124
0.996753	0.107664
0.816835	0.452644
0.594373	0.155992
0.975989	0.304211
0.901563	0.764124
0.595608	0.626922
0.032426	0.711095
0.093577	0.193461
0.065372	0.068431
0.451733	0.879656
0.375435	0.319849
0.975350	0.604480
0.167983	0.955210
0.972788	0.415792
0.767475	0.195892
0.824238	0.166028
0.632616	0.624807
0.668733	0.056294
0.476882	0.328553
0.013136	0.980412
0.353006	0.771597
0.492072	0.209332
0.730091	0.585282
0.468628	0.439788
0.457405	0.613554
0.137663	0.319971
0.010889	0.111900
0.758278	0.313015
0.319953	0.993938
0.984383	0.165774
0.220234	0.462920
0.338708	0.635517
0.523896	0.037088
0.754891	0.253274
0.463858	0.870213
0.124823	0.139631
0.312501	0.018071
0.504519	0.689714
0.673849	0.871078
0.770150	0.355508
0.130336	0.396799
0.022915	0.862912
0.519082	0.932257
0.809989	0.450759
0.012604	0.974991
0.672470	0.697937
0.686808	0.753610
0.449247	0.577774
0.914789	0.134606
0.644361	0.807699
0.005240	0.104669
0.484428	0.335511
0.859318	0.564364
0.830400	0.622589
0.649154	0.458101
0.673698	0.812855
0.578500	0.248261
0.274120	0.422766
0.560530	0.805611
0.671730	0.548123
0.352430	0.247527
0.855828	0.010772
0.195037	0.246920
0.747321	0.249870
0.289603	0.615763
0.773799	0.261934
0.427737	0.524276
0.807698	0.380255
0.353535	0.036090
0.213693	0.843606
0.767285	0.449966
0.308642	0.976481
0.733245	0.057447
0.744473	0.163089
0.221397	0.182594
0.214112	0.541293
0.198948	0.272699
0.142518	0.493268
0.377083	0.733943
0.026628	0.184755
0.110920	0.920697
0.674564	0.660063
0.799777	0.690075
0.080530	0.168086
0.231702	0.685754
0.207626	0.601804
0.917334	0.654961
0.711315	0.517694
0.553885	0.069485
0.304518	0.473837
0.834854	0.484744
0.435306	0.617898
0.923456	0.100721
0.706052	0.028270
0.478031	0.067969
0.126210	0.375883
0.976044	0.772834
0.159834	0.407131
0.202602	0.934955
0.431182	0.532677
0.404202	0.446410
0.146751	0.328819
0.729319	0.344065
0.188745	0.047464
0.643896	0.448608
0.754306	0.903231
0.210732	0.881428
0.600954	0.812956
0.748928	0.960228
0.638219	0.306551
0.597127	0.928267
0.295482	0.044928
0.731606	0.360133
0.945308	0.076018
0.425561	0.925426
0.782182	0.338023
0.056141	0.790980
0.835272	0.749122
0.192250	0.465830
0.395097	0.082326
0.300081	0.199965
0.080104	0.076169
0.904631	0.892464
0.370154	0.720971
0.530697	0.447687
0.494116	0.576449
0.132161	0.201467
0.206454	0.720518
0.076189	0.847344
0.507922	0.568554
0.261550	0.606442
0.357062	0.900273
0.108065	0.893316
0.787552	0.600380
0.106584	0.784025
0.985709	0.788337
0.177161	0.980759
0.572405	0.686563
0.044845	0.919947
0.787116	0.069396
0.189606	0.531458
0.527904	0.584100
0.740078	0.386633
0.149931	0.261260
0.551087	0.449316
0.216617	0.547591
0.759196	0.845923
0.722915	0.815795
0.176549	0.261264
0.861967	0.982056
0.019775	0.928058
0.860237	0.335672
0.558904	0.704562
0.403220	0.649134
0.758747	0.208791
0.716929	0.744471
0.987326	0.977718
0.278085	0.415604
0.003794	0.091558
0.933903	0.261298
0.857897	0.228855
0.728851	0.831441
0.516689	0.526814
0.706956	0.032700
0.780530	0.760843
0.374876	0.423374
0.770323	0.177009
0.750624	0.701239
0.613211	0.597598
0.401866	0.275584
0.697308	0.061840
0.003113	0.704884
0.774897	0.358194
0.896417	0.723237
0.239316	0.526975
0.120767	0.094942
0.220284	0.356454
0.302097	0.909984
0.883029	0.178666
0.543166	0.192428
0.286712	0.201307
0.138355	0.122154
0.290144	0.629671
0.613871	0.949955
0.324139	0.040095
0.457360	0.464233
0.444117	0.069703
0.828135	0.593844
0.426348	0.598580
0.345699	0.350454
0.674972	0.261992
0.221482	0.313324
0.467246	0.904910
0.314766	0.404988
0.626856	0.706368
0.877360	0.550539
0.447689	0.450138
0.784457	0.462996
0.456966	0.103300
0.656229	0.950032
0.131841	0.125496
0.432982	0.131214
0.909312	0.160427
0.605479	0.870082
0.766775	0.987102
0.504701	0.938849
0.498056	0.382036
0.842900	0.482247
0.067807	0.669888
0.573272	0.812798
0.942763	0.918039
0.517860	0.087660
0.194466	0.128513
0.847939	0.735464
0.251639	0.962871
0.700726	0.567131
0.540261	0.947215
0.948836	0.856924
0.624337	0.703499
0.837978	0.180116
0.007933	0.619334
0.989340	0.558079
0.077715	0.062509
0.322130	0.439119
0.946152	0.859965
0.008939	0.010628
0.822730	0.085160
0.861212	0.428749
0.439831	0.587465
0.255745	0.859552
0.802690	0.614593
0.477862	0.532419
0.134339	0.836449
0.927849	0.744061
0.895970	0.327867
0.491545	0.244692
0.856702	0.654546
0.418578	0.608783
0.683465	0.068068
0.397991	0.386599
0.505742	0.536384
0.189552	0.892901
0.964989	0.939331
0.294216	0.218100
0.103460	0.561832
0.144315	0.134154
0.014092	0.708817
0.715946	0.153213
0.564498	0.002547
0.794578	0.014004
0.507080	0.217611
0.791821	0.904846
0.695764	0.063271
0.777848	0.292299
0.406483	0.145026
0.647771	0.651545
0.179794	0.143707
0.321820	0.310968
0.172605	0.954782
0.408637	0.917505
0.241419	0.848547
0.406922	0.525272
0.975222	0.096774
0.320319	0.146325
0.982491	0.415103
0.636306	0.524872
0.375091	0.282037
0.857484	0.262218
0.619587	0.456978
0.252033	0.396003
0.792856	0.729957
0.432939	0.006008
0.357511	0.613720
0.330277	0.031197
0.697369	0.062710
0.268650	0.257612
0.808278	0.591889
0.295289	0.088207
0.544121	0.861043
0.487921	0.072465
0.855356	0.328781
0.888386	0.810570
0.184384	0.933149
0.585348	0.246993
0.898205	0.554556
0.446117	0.560480
0.921868	0.477248
0.278991	0.449832
0.608831	0.935863
0.682454	0.390073
0.228206	0.046876
0.013768	0.255708
0.416724	0.432552
0.938482	0.294153
0.343028	0.541572
0.779744	0.760635
0.174736	0.906792
0.341953	0.771671
0.144598	0.564868
0.716771	0.171437
0.699308	0.425665
0.688497	0.749198
0.253396	0.032961
0.692360	0.482098
0.227298	0.521726
0.424649	0.537513
0.371922	0.163177
0.355308	0.638078
0.057655	0.236199
0.631647	0.156810
0.707317	0.388616
0.613589	0.502657
0.648313	0.165633
0.169941	0.556938
0.149447	0.810447
0.514175	0.136345
0.875333	0.775352
0.183953	0.982249
0.462839	0.942545
0.428932	0.339231
0.497289	0.693087
0.161511	0.662162
0.342441	0.827978
0.261880	0.846496
0.844527	0.555046
0.800332	0.673246
0.426639	0.498583
0.607015	0.007978
0.145466	0.712066
0.509613	0.508476
0.296947	0.190539
0.859651	0.861092
0.671598	0.813734
0.633474	0.721225
0.124751	0.060331
0.470588	0.010678
0.986573	0.982796
0.948299	0.608310
0.645086	0.001182
0.151725	0.471005
0.639127	0.538985
0.565662	0.561326
0.468666	0.922110
0.428037	0.650901
0.599270	0.063536
0.849970	0.305026
0.751121	0.491718
0.579361	0.411547
0.924704	0.317865
0.064740	0.488282
0.991347	0.062716
0.052995	0.113297
0.199496	0.948837
0.422753	0.751886
0.107509	0.101407
0.623670	0.584938
0.047993	0.907533
0.284624	0.643294
0.061037	0.664543
0.703519	0.225004
0.668456	0.081448
0.378581	0.090988
0.188194	0.003844
0.747005	0.957428
0.340379	0.064792
0.795301	0.764933
0.487901	0.545755
0.525669	0.499811
0.028491	0.087548
0.644232	0.013014
0.350657	0.064872
0.229205	0.009319
0.433883	0.972104
0.382467	0.148840
0.469789	0.599692
0.979483	0.411833
0.364378	0.737848
0.774410	0.636540
0.552768	0.920947
0.889131	0.674172
0.354953	0.228418
0.245519	0.436192
0.911019	0.511046
0.043534	0.971720
0.950753	0.002559
0.556407	0.064839
0.376363	0.846513
0.995052	0.945479
0.058363	0.766003
0.516706	0.651160
0.031097	0.815088
0.571176	0.002297
0.180469	0.252872
0.630959	0.330269
0.980924	0.100652
0.874903	0.645129
0.451836	0.825311
0.708461	0.355245
0.777469	0.216428
0.494843	0.475496
0.528533	0.223543
0.150784	0.367363
0.369400	0.738999
0.142221	0.460742
0.726894	0.071300
0.477013	0.335148
0.448879	0.610065
0.885998	0.702423
0.527619	0.869807
0.409091	0.005511
0.268892	0.298707
0.072012	0.749143
0.418136	0.863316
0.025753	0.896700
0.291154	0.399194
0.503510	0.438245
0.965933	0.387023
0.109383	0.225082
0.673041	0.147680
0.499932	0.002587
0.777098	0.766219
0.143607	0.979577
0.083203	0.826033
0.399219	0.185735
0.796962	0.762506
0.191676	0.189207
0.767777	0.340227
0.290298	0.608595
0.216891	0.689795
0.016716	0.388097
0.398659	0.269398
0.381081	0.944259
0.659345	0.304447
0.070918	0.584530
0.152604	0.424555
0.016576	0.342557
0.113796	0.417049
0.651789	0.760839
0.402657	0.862550
0.321026	0.515751
0.557912	0.291348
0.993460	0.215090
0.834487	0.958140
0.699623	0.997802
0.918259	0.549790
0.039729	0.747382
0.070333	0.736056
0.474006	0.299906
0.349167	0.858737
0.937252	0.342195
0.489565	0.793313
0.539649	0.473951
0.895260	0.256894
0.446635	0.095632
0.877034	0.105734
0.253582	0.262925
0.273810	0.396453
0.328361	0.740478
0.547564	0.317931
0.220129	0.495554
0.671429	0.855452
0.142793	0.991480
0.094100	0.047518
0.870192	0.100038
0.236869	0.225726
0.386004	0.358340
0.571542	0.141959
0.525802	0.784811
0.076024	0.372465
0.874126	0.061842
0.951136	0.724032
0.812507	0.349729
0.283802	0.488800
0.527847	0.707032
0.339417	0.542847
0.554667	0.249791
0.974403	0.752822
0.311703	0.427213
0.668797	0.941079
0.325967	0.967517
0.774477	0.032196
0	61
0	430
0	505
0	891
1	51
1	175
1	263
1	373
1	386
1	624
1	627
1	882
2	50
2	121
2	149
2	478
2	545
2	569
2	677
2	887
3	360
3	547
3	590
3	998
4	128
4	326
4	581
4	645
4	662
4	667
4	911
4	936
5	183
5	313
5	425
5	500
5	559
5	614
5	955
5	987
6	212
6	616
6	695
6	920
6	953
7	294
7	296
7	550
7	826
8	61
8	471
8	505
8	633
8	778
8	950
9	188
9	286
9	368
9	490
9	577
9	728
9	797
9	927
10	204
10	409
10	529
10	688
10	838
10	949
11	23
11	62
11	88
11	108
11	118
11	192
11	282
11	329
11	377
11	378
11	578
11	606
11	734
11	784
11	822
11	859
12	110
12	314
12	507
12	549
12	637
12	900
13	227
13	679
13	786
13	971
14	55
14	122
14	371
14	402
15	51
15	203
15	263
15	557
15	718
15	997
16	45
16	137
16	619
16	704
16	715
16	811
16	845
17	140
17	169
17	207
17	256
17	290
17	363
17	643
17	663
17	866
17	970
18	57
18	72
18	143
18	330
18	531
18	599
18	777
18	801
18	815
18	940
19	95
19	164
20	193
20	334
20	348
20	414
20	601
20	636
20	683
20	789
20	814
20	844
20	884
20	943
21	107
21	208
21	251
21	444
21	474
21	615
21	654
22	35
22	48
22	129
22	233
22	271
22	309
22	796
22	883
22	889
23	62
23	88
23	108
23	118
23	192
23	282
23	329
23	377
23	378
23	476
23	578
23	606
23	734
23	822
24	25
24	445
24	481
24	641
24	850
25	107
25	208
25	241
25	281
25	376
25	474
25	800
25	850
26	410
26	635
26	647
26	751
26	941
27	106
27	150
27	335
27	374
27	443
27	475
27	512
27	810
27	827
28	153
28	213
28	220
28	448
28	622
28	853
29	80
29	102
29	340
29	477
29	605
29	755
29	898
29	914
29	926
30	421
30	423
30	763
30	952
31	672
31	862
32	131
32	199
32	274
32	359
32	532
32	783
32	894
32	935
33	125
33	161
33	174
33	201
33	303
33	328
33	399
33	473
33	488
33	516
33	540
33	698
33	769
33	919
34	351
34	455
34	483
34	709
34	951
35	48
35	233
35	271
35	309
35	502
35	782
36	346
36	454
36	565
36	568
36	574
36	666
36	674
36	820
36	851
36	956
37	73
37	412
37	497
37	520
37	562
37	586
37	746
38	50
38	246
38	744
39	78
39	541
39	652
39	896
41	351
41	455
41	546
41	552
41	582
41	584
41	621
41	772
41	945
42	392
42	576
42	608
42	676
42	742
42	806
42	900
42	933
42	991
42	996
43	116
43	255
43	287
43	401
43	533
43	552
43	584
43	673
43	685
43	917
44	166
44	213
44	344
44	448
44	527
44	640
44	694
44	741
44	853
44	873
44	981
45	230
45	542
45	619
45	704
45	715
45	811
45	845
45	918
46	117
46	301
46	337
46	405
46	470
46	567
46	611
46	632
46	973
46	982
46	988
47	415
47	480
47	696
48	123
48	129
48	154
48	177
48	184
48	233
48	271
48	309
48	502
48	782
48	796
49	60
49	304
49	596
49	763
49	817
50	121
50	149
50	527
50	545
50	569
50	677
50	870
50	887
51	203
51	263
51	557
51	718
51	997
52	156
52	186
52	509
52	617
52	625
52	760
52	801
52	815
52	871
53	160
53	190
53	284
53	322
53	352
53	465
53	486
53	710
53	794
53	929
53	974
54	424
54	431
54	543
54	566
54	644
54	648
54	660
54	759
54	885
54	893
54	925
55	349
55	371
55	402
55	421
55	423
55	952
56	130
56	148
56	321
56	524
56	687
57	143
57	330
57	531
57	655
57	777
57	801
57	836
57	940
57	980
58	97
58	152
58	237
58	381
58	575
58	802
58	959
58	994
59	455
59	483
59	709
59	878
60	763
61	430
61	505
61	633
61	778
61	837
61	891
61	950
62	88
62	113
62	118
62	176
62	266
62	282
62	329
62	377
62	378
62	413
62	476
62	606
62	822
63	74
63	173
63	270
63	380
63	457
63	585
63	618
63	780
63	804
63	824
63	845
64	98
64	178
64	191
64	295
64	635
64	907
64	930
64	964
64	965
65	101
65	215
65	292
65	339
65	551
65	607
65	730
65	904
66	99
66	403
66	508
66	514
66	828
66	831
66	937
67	167
67	188
67	324
67	368
67	490
67	515
67	577
67	969
67	986
68	87
68	91
68	117
68	158
68	202
68	211
68	298
68	632
68	903
69	226
69	308
69	518
69	629
69	722
69	797
70	249
70	285
70	310
70	362
70	452
70	491
70	496
70	571
70	714
70	803
70	901
70	963
71	110
71	313
71	369
71	507
71	596
71	616
71	858
71	922
71	953
71	955
72	143
72	222
72	323
72	460
72	462
72	599
72	651
72	815
73	218
73	338
73	412
73	497
73	558
73	586
73	634
73	691
73	990
74	173
74	270
74	380
74	396
74	457
74	585
74	618
74	780
74	824
74	845
75	449
75	840
76	151
76	199
76	209
76	225
76	753
76	867
76	935
76	968
77	100
77	170
77	791
77	813
77	993
78	896
79	155
79	182
79	331
79	403
79	508
79	592
79	766
79	818
80	102
80	195
80	447
80	477
80	605
80	692
80	755
80	898
80	914
80	926
81	321
81	327
81	354
81	440
81	451
81	524
81	535
81	774
82	546
82	558
82	621
82	631
82	634
82	661
82	691
82	916
82	945
83	355
83	375
83	469
83	539
83	597
83	642
83	816
83	895
83	921
83	976
84	190
84	352
84	486
84	501
84	695
84	788
84	933
84	975
85	96
85	102
85	104
85	138
85	281
85	447
85	523
85	692
85	752
85	835
86	305
86	484
86	528
86	553
86	633
86	711
86	778
86	931
86	957
87	158
87	202
87	211
87	298
87	903
88	113
88	176
88	266
88	282
88	329
88	377
88	378
88	485
88	573
88	784
88	822
88	830
88	859
89	180
89	245
89	394
89	411
89	504
89	863
89	879
90	111
90	145
90	295
90	410
90	653
90	833
91	109
91	117
91	158
91	211
91	253
91	298
91	405
91	611
91	632
91	781
91	869
91	913
92	94
92	267
92	404
92	409
92	537
92	570
92	838
92	924
93	126
93	226
93	518
93	629
93	702
93	735
93	807
93	897
94	267
94	409
94	428
94	758
94	838
94	984
95	135
95	197
95	390
95	467
96	104
96	138
96	208
96	241
96	281
96	444
96	523
96	692
96	752
96	800
96	835
97	152
97	235
97	381
97	959
97	977
98	133
98	964
99	172
99	254
99	514
99	521
99	828
99	831
99	985
100	170
100	791
100	813
100	946
100	993
101	215
101	339
101	551
101	767
101	910
101	938
102	138
102	447
102	692
102	732
102	898
102	926
103	173
103	221
103	306
103	396
103	742
104	138
104	208
104	281
104	444
104	447
104	523
104	692
104	752
104	835
105	176
105	266
105	485
105	573
105	623
105	787
105	830
106	335
106	374
106	443
106	475
106	512
106	810
107	208
107	241
107	474
107	736
107	743
107	800
108	118
108	282
108	578
108	606
108	734
109	158
109	171
109	211
109	253
109	298
109	519
109	781
109	869
109	913
110	314
110	317
110	369
110	459
110	507
110	549
110	596
110	637
110	858
110	922
111	145
111	164
111	214
111	420
111	439
111	847
112	194
112	341
112	721
113	176
113	266
113	377
113	378
113	413
113	476
113	573
113	819
113	822
114	297
114	393
114	512
114	526
114	827
114	936
115	118
115	192
115	356
115	446
115	476
115	606
115	865
116	155
116	182
116	533
116	552
116	582
116	592
116	673
116	685
116	917
117	158
117	202
117	211
117	405
117	632
118	192
118	282
118	377
118	378
118	476
118	578
118	606
118	734
118	822
118	865
119	326
119	526
119	554
119	602
119	645
119	719
119	764
120	196
120	948
121	149
121	478
121	545
121	569
121	677
121	870
121	887
122	219
122	371
122	868
123	129
123	177
123	181
123	184
123	233
123	499
124	127
124	343
124	416
124	670
124	786
124	799
124	864
124	971
125	174
125	201
125	399
125	473
125	488
125	575
125	698
125	754
125	769
125	802
125	919
125	994
126	518
126	561
126	735
126	897
127	134
127	343
127	391
127	401
127	416
127	786
127	864
128	297
128	326
128	645
128	662
128	936
129	177
129	184
129	233
129	630
129	796
130	242
130	272
130	321
130	687
130	860
130	874
131	199
131	274
131	359
131	532
131	783
131	894
131	935
132	157
132	231
132	363
132	866
133	560
133	635
133	909
134	391
134	401
134	416
134	546
134	584
134	772
135	197
135	318
135	390
135	407
135	603
135	646
135	947
136	232
136	244
136	342
136	418
136	464
136	572
136	652
136	706
136	749
136	795
136	896
137	428
137	511
137	619
137	684
137	758
137	811
138	159
138	523
138	636
138	692
138	732
138	835
139	589
139	661
139	819
140	169
140	207
140	256
140	290
140	363
140	643
140	663
140	866
140	970
141	212
141	361
141	425
141	544
141	559
141	614
141	620
141	920
142	478
142	598
142	602
142	870
143	460
143	531
143	599
143	651
143	940
144	236
144	388
144	426
144	487
144	657
144	669
144	875
144	932
145	178
145	295
145	410
145	653
145	930
146	385
146	458
146	463
146	604
146	649
147	289
147	316
147	536
147	591
147	612
147	682
147	689
147	757
147	771
147	793
147	923
148	367
148	524
148	656
148	908
149	478
149	545
149	569
149	677
149	870
149	887
150	374
150	475
150	512
151	199
151	209
151	225
151	935
151	968
152	235
152	381
152	575
152	802
152	959
152	977
152	994
153	181
153	220
153	332
153	513
153	622
153	809
154	177
154	233
154	499
154	593
155	182
155	331
155	403
155	508
155	533
155	592
155	673
155	685
155	766
155	818
156	186
156	531
156	617
156	655
156	760
156	777
156	801
156	815
156	836
156	871
157	231
157	256
157	347
157	866
158	211
158	253
158	298
158	405
158	632
158	781
158	869
159	636
159	732
159	835
160	190
160	276
160	284
160	322
160	352
160	383
160	595
160	710
160	929
160	974
161	205
161	325
161	387
161	399
161	473
161	516
161	540
161	754
161	769
161	919
162	702
162	718
162	807
163	239
163	300
163	461
163	481
163	770
163	850
164	420
164	847
165	422
165	437
165	441
165	739
165	877
166	246
166	344
166	527
166	640
166	741
166	981
167	188
167	293
167	324
167	368
167	490
167	515
167	915
167	969
167	986
168	198
168	852
168	956
169	207
169	256
169	510
169	643
169	663
169	866
169	970
170	221
170	392
170	813
170	958
170	993
171	253
171	405
171	519
171	781
171	869
171	913
172	254
172	303
172	328
172	521
172	985
173	221
173	270
173	306
173	396
173	585
173	780
173	813
173	845
174	201
174	237
174	303
174	399
174	473
174	488
174	516
174	575
174	698
174	769
174	802
174	919
174	994
175	263
175	373
175	386
175	624
175	627
175	770
175	882
176	266
176	377
176	378
176	413
176	573
176	623
176	787
176	819
176	822
177	184
177	233
177	309
177	499
178	191
178	295
178	635
178	653
178	907
178	930
178	964
178	965
179	252
179	268
179	278
179	579
179	825
179	899
179	942
180	245
180	394
180	411
180	504
180	536
180	863
180	879
181	220
181	332
181	499
181	513
181	731
182	331
182	533
182	592
182	673
182	685
182	766
182	818
183	425
183	987
184	233
184	499
184	796
185	287
185	395
185	506
185	534
185	685
185	738
186	531
186	617
186	760
186	777
186	801
186	815
186	871
187	272
187	321
187	535
187	578
187	687
187	859
187	874
188	286
188	324
188	368
188	490
188	577
188	797
188	927
189	249
189	477
189	498
189	605
189	856
190	284
190	322
190	352
190	486
190	501
190	710
190	929
191	295
191	525
191	907
191	930
191	964
191	965
192	476
192	606
192	865
193	334
193	348
193	414
193	683
193	686
193	789
193	814
193	884
193	939
193	943
194	470
194	567
194	697
194	721
195	447
195	498
195	605
195	898
195	926
195	989
196	216
196	219
196	948
197	390
197	407
197	603
197	646
197	947
198	345
198	852
198	956
199	209
199	225
199	274
199	532
199	783
199	894
199	935
200	217
200	364
200	495
200	729
200	761
200	906
201	237
201	303
201	328
201	399
201	488
201	516
201	575
201	698
201	919
201	994
202	903
203	629
203	702
203	718
203	807
203	997
204	224
204	252
204	529
204	688
204	785
204	949
205	387
205	516
205	540
205	834
206	245
206	411
206	419
206	767
206	846
206	857
206	863
206	888
206	910
207	256
207	290
207	363
207	389
207	510
207	643
207	663
207	934
207	970
208	241
208	281
208	444
208	474
208	800
209	225
209	753
209	968
210	457
210	610
210	672
210	707
210	747
210	756
210	791
210	826
211	253
211	298
211	632
211	869
211	903
212	361
212	620
212	695
212	920
213	344
213	448
213	640
213	694
213	700
213	719
213	853
213	873
213	981
214	420
214	439
214	840
214	847
215	339
215	551
215	854
215	938
216	219
217	229
217	364
217	466
217	675
217	729
217	761
217	855
217	906
218	338
218	343
218	391
218	497
218	586
218	634
218	670
218	799
218	864
218	990
220	448
220	700
220	719
220	731
220	764
220	775
221	306
221	392
221	396
221	608
221	813
221	958
221	993
222	323
222	460
222	462
222	599
222	651
222	751
222	815
223	232
223	285
223	356
223	446
223	843
224	252
224	265
224	465
224	529
224	579
224	776
224	785
225	867
225	935
225	968
226	518
226	629
226	722
226	807
226	897
227	416
227	679
227	786
227	971
228	261
228	264
228	279
228	319
228	580
228	988
229	280
229	436
229	456
229	668
230	542
230	704
230	715
230	811
230	934
231	315
231	479
231	977
232	244
232	464
232	652
232	706
232	749
232	795
233	271
233	309
233	502
233	782
233	796
234	430
234	561
234	724
234	735
234	837
234	861
235	257
235	381
235	628
235	912
235	959
236	426
236	538
236	563
236	657
236	669
236	902
237	303
237	365
237	488
237	575
237	802
237	994
238	688
238	949
239	300
239	461
239	770
240	265
240	278
240	465
240	579
240	639
240	699
240	762
240	849
240	899
241	281
241	376
241	800
241	835
242	272
242	482
242	860
243	326
243	593
243	775
243	944
244	464
244	652
244	706
244	749
244	795
244	896
245	292
245	394
245	411
245	419
245	846
245	863
245	888
246	744
247	269
247	277
247	472
247	494
247	638
247	705
247	790
247	928
248	808
248	819
248	829
249	310
249	362
249	452
249	496
249	714
249	803
249	856
249	963
250	487
250	560
250	932
251	444
251	615
251	654
251	995
252	268
252	278
252	579
252	688
252	785
252	899
252	949
253	298
253	405
253	519
253	632
253	781
253	869
253	913
254	303
254	521
254	828
254	831
254	985
255	287
255	395
255	506
255	534
255	679
255	738
256	347
256	363
256	663
256	866
257	628
257	912
258	318
258	407
259	327
259	440
259	451
259	656
259	671
259	713
259	737
260	289
260	358
260	438
260	591
260	658
260	923
260	999
261	264
261	301
261	319
261	337
261	580
261	988
262	397
262	429
262	666
262	680
262	683
262	814
262	884
262	939
262	943
263	557
263	997
264	580
265	278
265	465
265	579
265	776
265	899
266	329
266	377
266	378
266	413
266	476
266	573
266	623
266	822
267	404
267	409
267	537
267	570
267	838
267	924
268	278
268	579
268	688
268	785
268	899
268	949
269	277
269	472
269	790
269	928
270	380
270	396
270	457
270	585
270	618
270	780
270	824
270	845
271	309
271	502
271	782
271	796
272	321
272	687
272	784
272	859
272	874
273	320
273	387
273	492
273	720
273	773
273	942
274	359
274	532
274	783
274	894
274	935
275	302
275	345
275	354
275	564
275	600
275	774
276	299
276	383
276	581
276	595
276	667
276	710
276	911
277	472
277	790
277	854
277	928
278	579
278	639
278	762
278	899
279	291
279	358
279	438
279	658
279	768
279	999
280	641
281	376
281	444
281	523
281	752
281	800
281	835
282	329
282	377
282	378
282	485
282	578
282	606
282	784
282	822
282	859
283	555
283	630
283	821
283	890
284	322
284	352
284	710
284	794
284	929
284	974
285	362
285	571
285	714
285	803
285	843
286	333
286	398
286	490
286	797
286	927
287	395
287	506
287	533
287	534
287	673
287	685
287	738
287	917
288	292
288	394
288	442
288	504
288	607
288	863
288	904
289	291
289	316
289	358
289	438
289	591
289	612
289	682
289	689
289	771
289	793
289	923
289	999
290	363
290	389
290	643
290	663
290	918
290	934
290	970
291	316
291	358
291	438
291	768
291	999
292	394
292	442
292	607
292	863
292	904
293	417
293	515
293	915
293	969
294	550
294	791
294	826
295	635
295	653
295	907
295	930
295	964
295	965
296	375
296	597
296	642
296	895
296	921
297	512
297	526
297	827
297	936
298	632
298	869
299	383
299	581
299	595
299	662
299	667
299	911
300	461
300	770
300	850
301	319
301	337
301	973
301	982
301	988
302	564
302	600
302	774
303	328
303	399
303	488
303	521
303	698
303	985
304	459
304	596
304	659
304	817
304	832
305	398
305	484
305	528
305	553
305	633
305	711
305	837
305	861
306	392
306	396
306	608
306	742
306	958
307	379
307	450
307	509
307	588
307	625
307	748
307	779
307	842
308	577
308	626
308	722
308	728
309	502
309	782
310	362
310	452
310	491
310	496
310	714
310	803
310	901
310	963
311	805
311	901
312	353
312	384
312	639
312	699
312	762
312	794
312	849
312	974
312	983
313	369
313	408
313	500
313	559
313	922
313	953
313	955
314	317
314	406
314	459
314	507
314	549
314	637
314	858
314	978
315	479
315	537
315	570
315	725
315	924
315	966
316	591
316	612
316	682
317	406
317	459
317	549
317	594
317	637
317	659
317	664
317	693
317	823
317	978
318	385
318	407
318	458
318	463
318	603
318	876
318	947
319	337
319	580
319	745
319	982
319	988
320	492
320	720
320	773
320	825
320	892
320	942
321	524
321	535
321	687
321	874
322	352
322	501
322	695
322	710
322	929
323	388
323	460
323	599
323	651
324	368
324	490
324	515
324	577
324	969
324	986
325	387
325	473
325	540
325	754
325	769
326	645
326	936
326	944
327	354
327	440
327	451
327	656
327	713
327	737
327	774
327	852
328	516
328	698
328	834
328	985
329	377
329	378
329	485
329	578
329	784
329	822
329	830
329	859
330	531
330	655
330	777
330	836
330	940
330	980
331	403
331	592
331	685
331	766
331	818
332	513
332	622
332	809
332	821
332	890
333	398
333	561
333	724
333	797
333	897
333	927
334	348
334	414
334	601
334	683
334	686
334	789
334	814
334	844
334	943
335	374
335	443
335	475
335	512
335	954
336	511
336	708
336	712
336	742
336	933
336	996
337	973
337	982
337	988
338	343
338	497
338	586
338	670
338	799
338	864
338	990
339	551
339	767
339	910
339	938
340	342
340	477
340	572
340	706
340	755
340	914
341	548
341	960
342	418
342	464
342	572
342	652
342	706
342	749
342	755
342	795
343	416
343	670
343	753
343	799
343	864
344	527
344	640
344	741
344	853
344	981
345	440
345	451
345	564
345	565
345	713
345	737
345	820
345	852
345	956
346	454
346	565
346	674
346	820
347	866
348	414
348	601
348	686
348	789
348	844
349	402
349	421
349	423
349	441
349	739
349	952
350	427
350	434
350	627
350	723
350	882
351	455
351	546
351	621
351	772
352	486
352	710
352	929
353	384
353	699
353	762
353	794
353	974
353	983
354	440
354	451
354	535
354	564
354	600
354	713
354	737
354	774
354	852
355	469
355	539
355	816
355	841
355	895
355	921
355	976
356	446
356	609
356	865
357	424
357	431
357	543
357	566
357	610
357	707
357	747
357	756
357	862
357	893
357	925
358	438
358	658
358	768
358	999
359	382
359	532
359	783
359	894
360	547
360	590
360	733
360	998
361	425
361	544
361	559
361	614
361	620
361	920
362	452
362	491
362	496
362	571
362	714
362	803
362	901
362	963
363	643
363	663
363	866
363	934
364	366
364	466
364	675
364	761
364	855
364	906
365	828
365	831
366	466
366	675
366	855
366	906
367	656
367	671
367	908
368	490
368	515
368	577
368	728
368	969
368	986
369	459
369	596
369	858
369	922
369	953
369	955
370	415
370	471
370	480
370	650
370	905
370	967
371	402
372	449
372	517
372	817
372	832
373	386
373	624
373	627
373	770
373	882
374	443
374	475
374	512
374	954
375	539
375	597
375	642
375	895
375	921
375	976
376	800
376	835
377	378
377	413
377	476
377	573
377	606
377	822
378	413
378	476
378	606
378	822
379	450
379	462
379	503
379	588
379	625
379	833
380	424
380	431
380	457
380	566
380	585
380	618
380	707
380	747
380	750
380	780
380	804
380	824
380	885
381	575
381	802
381	959
381	994
383	581
383	595
383	667
383	710
383	911
384	699
384	762
384	794
384	974
384	983
385	407
385	458
385	463
385	583
385	603
385	649
385	701
385	876
385	946
386	624
386	627
386	770
386	882
387	492
387	540
388	487
388	560
388	647
388	657
388	875
388	932
389	468
389	542
389	643
389	663
389	848
389	886
389	918
389	934
389	970
390	603
390	646
390	947
391	401
391	546
391	584
391	634
391	772
391	945
391	990
392	608
392	806
392	958
392	991
393	598
393	827
394	504
394	607
394	863
394	904
395	506
395	534
395	697
395	738
396	780
396	845
397	429
397	666
397	680
397	683
397	814
397	939
398	561
398	711
398	724
398	861
398	897
398	927
399	473
399	488
399	516
399	540
399	575
399	698
399	769
399	919
399	994
400	444
400	447
400	615
400	752
400	989
400	995
401	416
401	552
401	584
401	772
401	917
402	423
402	441
402	952
403	508
403	514
403	592
403	766
403	818
403	937
404	409
404	537
404	570
404	725
404	838
404	924
405	611
405	632
405	781
405	869
405	913
406	549
406	594
406	637
406	659
406	664
406	693
406	823
406	978
407	463
407	603
408	868
409	428
409	758
409	838
409	984
410	462
410	647
410	653
410	751
410	833
410	941
411	419
411	536
411	846
411	857
411	863
411	879
411	888
412	497
412	558
412	586
412	691
412	990
413	476
413	573
413	819
413	822
414	674
414	683
414	686
414	789
414	814
414	884
414	939
414	943
415	471
415	480
415	650
415	696
416	679
416	786
416	864
417	435
417	915
417	931
418	572
418	601
418	749
418	755
418	844
419	846
419	857
419	888
420	439
420	847
421	423
421	763
421	952
422	437
422	525
422	690
422	765
422	877
423	763
423	952
424	431
424	543
424	566
424	618
424	644
424	648
424	707
424	747
424	750
424	804
424	824
424	885
424	893
424	925
425	544
425	559
425	614
425	620
425	920
425	987
426	538
426	563
426	657
426	669
426	902
427	434
427	627
427	723
427	882
428	511
428	684
428	758
428	984
429	665
429	666
429	680
430	505
430	837
430	891
431	543
431	566
431	610
431	644
431	707
431	747
431	756
431	804
431	893
431	925
432	556
432	839
432	908
433	613
433	705
433	717
433	730
433	798
433	972
434	723
434	961
435	539
435	872
436	456
436	668
437	727
437	739
437	877
438	591
438	658
438	768
438	999
439	847
440	451
440	656
440	713
440	737
440	774
440	852
441	739
442	607
442	730
442	834
442	904
442	985
443	475
443	810
444	615
444	654
444	752
444	995
445	481
445	495
445	641
445	729
446	609
446	716
446	865
447	692
447	752
447	898
447	926
447	989
448	694
448	700
448	719
448	853
448	873
449	517
449	840
450	462
450	503
450	588
450	625
450	833
451	564
451	713
451	737
451	852
452	491
452	496
452	571
452	714
452	803
452	901
452	963
453	736
453	743
454	565
454	674
454	820
455	483
455	552
455	582
455	584
455	878
457	566
457	707
457	747
457	756
457	780
457	804
457	824
458	463
458	583
458	603
458	649
458	701
458	876
459	596
459	637
459	659
459	858
459	922
459	978
460	462
460	599
460	651
461	481
461	770
461	850
462	503
462	751
462	833
463	583
463	603
463	649
463	701
463	876
463	946
464	571
464	572
464	652
464	706
464	749
464	795
464	843
465	776
465	794
465	929
466	675
466	855
466	906
467	489
467	842
468	482
468	510
468	681
468	759
468	848
468	886
468	918
468	970
469	489
469	539
469	816
469	976
470	567
470	611
470	721
470	973
470	982
471	650
471	778
471	950
472	613
472	705
472	790
472	928
473	540
473	698
473	754
473	769
473	919
473	994
474	495
474	736
474	743
475	512
475	954
476	606
476	822
476	865
477	498
477	605
477	755
477	898
477	914
478	545
478	569
478	598
478	870
479	570
479	959
479	966
479	977
480	650
480	696
480	967
481	641
481	850
482	510
482	681
482	848
482	860
482	886
482	970
483	709
483	878
483	951
484	528
484	553
484	711
484	861
484	931
485	573
485	784
485	787
485	830
485	859
486	776
486	929
487	560
487	657
487	669
487	875
487	932
488	575
488	698
488	802
489	841
490	797
490	927
491	714
491	803
491	805
491	901
491	963
492	720
492	773
492	892
492	942
493	617
493	733
493	871
494	587
494	638
494	792
494	880
494	883
494	889
495	641
495	729
495	736
495	743
496	530
496	803
496	856
496	963
497	586
497	670
497	990
498	605
498	856
498	898
498	914
499	731
500	559
500	614
500	955
500	987
501	695
501	710
501	788
502	782
502	849
503	588
503	625
503	751
503	760
504	863
505	633
505	778
505	891
505	950
506	534
506	685
506	738
507	549
507	616
507	637
507	858
507	922
507	953
508	514
508	592
508	766
508	818
508	937
509	588
509	625
509	748
509	779
509	842
510	663
510	830
510	970
511	684
511	708
511	712
511	742
511	996
512	810
512	827
513	622
513	809
513	821
513	890
514	828
514	831
514	937
515	969
515	986
516	540
516	698
516	769
516	834
516	919
517	604
517	817
517	832
518	629
518	702
518	735
518	807
518	897
519	781
519	869
519	913
520	562
520	589
520	609
520	716
520	726
521	828
521	985
522	812
523	692
523	752
523	800
523	835
524	535
524	687
525	690
525	765
525	964
525	965
526	602
526	645
526	936
527	640
527	741
527	870
527	887
527	981
528	553
528	711
528	861
528	931
529	708
529	785
529	984
530	740
530	856
531	617
531	655
531	777
531	801
531	815
531	836
531	871
531	940
531	980
532	783
532	894
532	935
533	592
533	673
533	685
533	917
534	738
535	687
535	774
535	874
536	612
536	682
536	689
536	757
536	771
536	793
536	879
536	888
537	570
537	838
537	924
537	966
538	563
538	902
539	597
539	816
539	895
539	921
539	976
540	754
540	769
540	919
541	734
542	704
542	715
542	918
542	934
543	566
543	610
543	707
543	747
543	756
543	862
543	893
543	925
544	620
544	920
545	569
545	677
545	870
545	887
546	558
546	621
546	634
546	691
546	772
546	945
547	590
547	998
549	637
549	900
549	978
550	701
550	791
550	826
551	607
551	904
551	938
552	582
552	584
552	673
552	772
552	917
553	711
553	915
553	931
554	694
554	700
554	719
554	764
554	873
555	587
555	630
555	703
555	792
556	839
556	908
556	992
557	979
558	586
558	621
558	631
558	634
558	661
558	691
558	945
558	990
559	614
559	616
559	920
559	953
559	955
560	909
560	932
561	724
561	735
561	897
562	589
562	609
562	716
562	726
563	669
563	902
564	600
564	713
564	737
564	852
565	674
565	820
565	956
566	610
566	618
566	644
566	707
566	747
566	756
566	804
566	824
566	893
566	925
567	611
567	721
567	973
568	574
568	626
568	851
568	956
569	677
569	870
569	887
570	725
570	924
570	966
571	706
571	714
571	803
571	843
572	652
572	706
572	749
572	755
572	795
572	914
573	623
573	787
573	822
574	666
574	851
574	979
575	802
575	959
575	994
576	676
576	712
576	788
576	806
576	900
576	933
576	975
576	996
577	626
577	728
577	986
578	606
578	734
578	784
578	859
579	785
579	899
581	595
581	662
581	667
581	911
581	983
582	584
582	673
582	917
583	649
583	701
583	876
583	946
584	772
584	917
585	618
585	780
585	804
585	824
585	845
586	634
586	691
586	990
587	703
587	792
587	883
587	889
588	625
588	748
588	779
588	842
589	716
589	865
590	998
591	612
591	682
591	689
591	771
591	793
591	923
591	999
592	673
592	685
592	766
592	818
593	944
593	983
594	659
594	664
594	693
594	823
594	832
594	978
595	667
595	710
595	911
596	858
596	922
597	642
597	872
597	895
597	921
597	976
599	651
600	774
601	789
601	844
603	646
603	947
605	898
605	914
606	822
606	865
607	730
607	863
607	904
608	742
608	806
608	958
608	991
608	996
609	726
610	672
610	707
610	747
610	756
610	862
610	893
610	925
611	632
611	973
612	682
612	689
612	757
612	771
612	793
612	923
613	705
613	717
613	730
613	798
613	972
614	616
614	920
614	955
615	654
615	995
616	920
616	953
616	955
617	760
617	777
617	801
617	815
617	871
618	750
618	780
618	804
618	824
618	845
619	684
619	715
619	811
620	920
621	631
621	661
621	691
621	829
621	916
621	945
622	809
622	881
623	787
624	770
625	748
625	760
625	779
625	815
626	728
627	723
627	882
628	912
628	951
629	702
629	807
629	897
630	703
630	792
630	796
630	821
630	883
631	661
631	691
631	829
631	916
631	945
632	781
632	869
632	913
633	711
633	778
633	837
633	861
633	891
633	950
634	691
634	772
634	945
634	990
635	907
635	909
635	930
635	941
635	964
636	732
636	789
636	835
636	884
636	943
637	858
637	978
638	880
638	889
639	699
639	762
639	849
640	694
640	741
640	853
640	870
640	873
640	981
641	729
642	895
642	921
642	976
643	663
643	918
643	934
643	970
644	648
644	660
644	750
644	759
644	885
644	893
645	936
646	947
647	941
648	660
648	681
648	750
648	759
648	885
648	893
649	701
649	876
649	946
650	967
652	706
652	749
652	795
652	896
653	930
653	941
654	995
655	777
655	801
655	836
655	871
655	940
655	980
656	671
656	992
657	669
657	875
657	932
658	745
658	999
659	664
659	693
659	823
659	832
659	978
660	860
661	691
661	829
661	916
662	667
662	911
663	866
663	934
663	970
664	693
664	823
664	832
665	666
665	680
666	680
667	911
668	961
669	875
669	902
669	932
670	753
670	799
670	864
670	990
671	992
672	756
672	826
672	862
673	685
673	917
674	820
675	761
675	855
675	906
676	712
676	742
676	788
676	806
676	900
676	933
676	975
676	996
677	887
678	812
678	971
679	786
679	971
681	750
681	759
681	848
681	885
681	886
682	689
682	757
682	771
682	793
682	923
683	789
683	814
683	884
683	939
683	943
684	758
684	811
685	917
687	874
688	785
688	949
689	757
689	771
689	793
689	879
689	923
690	765
691	945
691	990
692	732
692	752
692	898
692	926
693	823
693	978
694	700
694	719
694	764
694	853
694	873
695	710
697	721
697	738
698	769
698	919
699	762
699	849
700	719
700	764
700	775
700	873
701	876
701	946
702	718
702	807
703	792
703	883
703	889
704	715
704	845
704	918
705	717
705	798
705	972
706	749
706	795
706	843
707	747
707	756
707	804
707	893
707	925
708	776
708	984
709	878
709	951
710	929
711	837
711	861
712	742
712	933
712	975
712	996
713	737
713	852
714	803
714	843
714	963
715	811
716	865
717	720
717	798
717	972
718	807
718	997
719	764
719	873
720	773
720	972
723	882
724	735
724	837
724	861
727	877
729	761
730	798
730	834
730	904
731	775
732	835
735	897
736	743
737	852
741	853
741	873
741	981
742	806
742	996
745	982
747	756
747	804
747	893
747	925
748	779
748	842
749	795
749	896
750	759
750	804
750	848
750	885
751	833
752	989
752	995
753	799
753	867
753	968
754	769
754	919
755	898
755	914
756	862
756	925
757	771
757	793
757	879
757	923
758	811
758	984
759	848
759	885
759	886
760	801
760	815
761	855
761	906
762	794
762	849
763	817
763	952
764	775
764	873
765	964
766	818
766	937
767	846
767	910
768	999
769	919
771	793
771	879
771	923
772	945
773	825
773	892
773	942
775	944
777	801
777	815
777	836
777	871
777	940
777	980
778	950
779	842
780	824
780	845
781	869
781	913
782	849
783	894
783	935
784	830
784	859
785	949
786	864
786	971
787	830
788	900
788	933
788	975
789	814
789	884
789	939
789	943
790	854
790	928
791	826
792	883
792	889
793	879
793	923
794	929
794	974
794	983
797	927
798	972
799	864
799	990
800	835
801	815
801	836
801	871
802	994
803	901
803	963
804	824
804	885
804	893
804	925
805	901
806	900
806	991
806	996
808	819
808	829
808	916
809	821
809	890
810	827
812	867
812	968
813	958
813	993
814	884
814	939
814	943
815	871
816	895
816	921
816	976
817	832
818	937
819	829
820	956
821	890
823	978
824	845
825	892
825	942
828	831
828	937
829	916
830	859
831	937
836	871
836	940
836	980
837	861
837	891
838	924
838	984
839	908
839	992
841	905
841	967
844	896
846	857
846	888
846	910
848	885
848	886
848	918
848	970
851	979
852	956
853	873
853	981
854	938
855	906
857	888
858	922
858	953
859	874
862	925
863	904
867	968
869	913
870	887
875	932
876	946
880	883
880	889
881	890
883	889
884	939
884	943
886	918
886	970
892	942
893	925
894	935
895	921
895	976
898	914
898	926
900	975
901	963
905	931
905	957
905	967
907	930
907	964
907	965
912	951
915	969
918	934
918	970
919	994
921	976
922	953
924	966
929	974
930	964
930	965
931	957
933	975
933	996
939	943
940	980
945	990
948	954
953	955
958	991
958	993
959	977
959	994
964	965
969	986
973	982
973	988
974	983
975	996
982	988
989	995
