100 490
0.417022	0.997185
0.720324	0.932557
0.000114	0.128124
0.302333	0.999041
0.146756	0.236089
0.092339	0.396581
0.186260	0.387911
0.345561	0.669746
0.396767	0.935539
0.538817	0.846311
0.419195	0.313274
0.685220	0.524548
0.204452	0.443453
0.878117	0.229577
0.027388	0.534414
0.670468	0.913962
0.417305	0.457205
0.558690	0.430699
0.140387	0.939128
0.198101	0.778389
0.800745	0.715971
0.968262	0.802758
0.313424	0.092801
0.692323	0.518153
0.876389	0.865020
0.894607	0.829147
0.085044	0.829603
0.039055	0.273050
0.169830	0.059243
0.878143	0.670528
0.098347	0.593066
0.421108	0.671654
0.957890	0.411788
0.533165	0.197551
0.691877	0.289630
0.315516	0.142120
0.686501	0.783314
0.834626	0.412539
0.018288	0.034171
0.750144	0.624030
0.988861	0.660636
0.748166	0.298495
0.280444	0.446135
0.789279	0.222125
0.103226	0.073364
0.447894	0.469239
0.908596	0.096172
0.293614	0.903370
0.287775	0.119490
0.130029	0.524799
0.019367	0.083623
0.678836	0.916861
0.211628	0.910448
0.265547	0.298930
0.491573	0.584389
0.053363	0.565912
0.574118	0.613938
0.146729	0.956536
0.589306	0.260979
0.699758	0.231015
0.102334	0.533448
0.414056	0.949938
0.694400	0.493060
0.414179	0.540601
0.049953	0.765485
0.535896	0.045346
0.663795	0.139966
0.514889	0.792404
0.944595	0.029801
0.586555	0.883125
0.903402	0.540788
0.137475	0.447980
0.139276	0.892136
0.807391	0.377584
0.397677	0.538425
0.165354	0.652299
0.927509	0.361261
0.347766	0.571009
0.750812	0.637836
0.725998	0.126315
0.883306	0.690205
0.623672	0.647749
0.750942	0.353939
0.348898	0.763233
0.269928	0.356532
0.895886	0.752788
0.428091	0.881342
0.964840	0.011669
0.663441	0.498109
0.621696	0.073792
0.114746	0.786951
0.949489	0.064067
0.449912	0.355310
0.578390	0.941837
0.408137	0.379803
0.237027	0.762920
0.903380	0.771595
0.573679	0.301361
0.002870	0.772739
0.617145	0.152930
0	3
0	8
0	9
0	47
0	61
0	86
0	93
1	15
1	24
1	36
1	51
1	69
1	93
2	4
2	27
2	28
2	38
2	44
2	50
3	8
3	18
3	47
3	52
3	57
3	61
3	72
3	86
4	5
4	6
4	27
4	28
4	35
4	44
4	48
4	50
4	53
4	84
5	6
5	12
5	14
5	27
5	30
5	42
5	49
5	53
5	55
5	60
5	71
5	84
6	12
6	27
6	42
6	49
6	53
6	60
6	71
6	84
7	19
7	31
7	54
7	63
7	74
7	75
7	77
7	83
7	95
8	9
8	47
8	52
8	61
8	67
8	69
8	83
8	86
8	93
9	15
9	36
9	51
9	61
9	67
9	69
9	86
9	93
10	16
10	17
10	33
10	42
10	45
10	53
10	58
10	84
10	92
10	94
10	97
11	17
11	23
11	37
11	39
11	56
11	62
11	73
11	78
11	81
11	82
11	88
12	14
12	30
12	42
12	49
12	53
12	55
12	60
12	71
12	77
12	84
13	32
13	34
13	37
13	41
13	43
13	46
13	59
13	73
13	76
13	79
13	82
13	91
14	30
14	49
14	55
14	60
14	71
14	75
15	36
15	51
15	67
15	69
15	93
16	17
16	42
16	45
16	54
16	63
16	74
16	77
16	84
16	92
16	94
17	23
17	34
17	45
17	54
17	56
17	58
17	62
17	63
17	74
17	88
17	92
17	94
17	97
18	19
18	26
18	47
18	52
18	57
18	64
18	72
18	90
19	26
19	47
19	52
19	57
19	64
19	72
19	75
19	83
19	90
19	95
19	98
20	21
20	24
20	25
20	29
20	36
20	39
20	40
20	78
20	80
20	81
20	85
20	96
21	24
21	25
21	29
21	40
21	80
21	85
21	96
22	28
22	35
22	48
23	37
23	39
23	56
23	62
23	73
23	78
23	81
23	82
23	88
24	25
24	29
24	80
24	85
24	96
25	29
25	40
25	80
25	85
25	96
26	52
26	57
26	64
26	72
26	75
26	90
26	95
26	98
27	50
28	35
28	38
28	44
28	48
28	50
29	39
29	40
29	70
29	78
29	80
29	85
29	96
30	49
30	55
30	60
30	64
30	71
30	75
30	90
31	54
31	56
31	63
31	67
31	74
31	77
31	83
32	37
32	70
32	73
32	76
33	34
33	58
33	59
33	65
33	66
33	89
33	92
33	97
33	99
34	37
34	41
34	43
34	58
34	59
34	66
34	73
34	79
34	82
34	97
34	99
35	48
35	53
36	39
36	51
36	67
36	69
36	78
36	81
36	93
37	41
37	43
37	62
37	70
37	73
37	76
37	82
37	88
38	44
38	50
39	56
39	62
39	70
39	78
39	80
39	81
39	85
39	88
40	70
40	80
40	85
40	96
41	43
41	58
41	59
41	66
41	73
41	76
41	79
41	82
41	97
41	99
42	45
42	49
42	53
42	60
42	63
42	71
42	74
42	77
42	84
42	92
42	94
43	46
43	59
43	66
43	73
43	76
43	79
43	82
43	99
44	48
44	50
45	54
45	56
45	63
45	74
45	77
45	92
45	94
46	68
46	79
46	87
46	91
47	52
47	57
47	61
47	72
47	83
47	86
47	95
48	53
49	55
49	60
49	71
49	75
51	69
51	93
52	57
52	72
52	90
52	95
53	71
53	84
53	92
53	94
54	56
54	63
54	74
54	77
54	81
54	88
55	60
55	64
55	71
55	75
56	62
56	63
56	67
56	74
56	78
56	81
56	88
57	72
57	90
58	59
58	66
58	79
58	82
58	89
58	92
58	97
58	99
59	66
59	73
59	79
59	82
59	89
59	97
59	99
60	71
60	75
61	67
61	69
61	83
61	86
61	93
62	73
62	78
62	81
62	82
62	88
63	74
63	77
63	92
63	94
64	72
64	75
64	90
64	95
64	98
65	66
65	89
65	99
66	79
66	89
66	97
66	99
67	69
67	81
67	83
67	86
67	93
68	87
68	91
69	86
69	93
70	73
70	76
70	78
70	80
71	84
72	90
72	95
72	98
73	76
73	82
73	88
74	77
74	92
74	94
75	77
75	90
75	95
76	82
77	83
78	80
78	81
78	85
78	88
79	89
79	99
80	85
80	96
81	88
82	88
82	97
83	86
83	95
84	92
84	94
85	96
86	93
87	91
89	99
90	95
90	98
92	94
92	97
94	97
97	99
