200 9245
0.417022	0.997185
0.720324	0.932557
0.000114	0.128124
0.302333	0.999041
0.146756	0.236089
0.092339	0.396581
0.186260	0.387911
0.345561	0.669746
0.396767	0.935539
0.538817	0.846311
0.419195	0.313274
0.685220	0.524548
0.204452	0.443453
0.878117	0.229577
0.027388	0.534414
0.670468	0.913962
0.417305	0.457205
0.558690	0.430699
0.140387	0.939128
0.198101	0.778389
0.800745	0.715971
0.968262	0.802758
0.313424	0.092801
0.692323	0.518153
0.876389	0.865020
0.894607	0.829147
0.085044	0.829603
0.039055	0.273050
0.169830	0.059243
0.878143	0.670528
0.098347	0.593066
0.421108	0.671654
0.957890	0.411788
0.533165	0.197551
0.691877	0.289630
0.315516	0.142120
0.686501	0.783314
0.834626	0.412539
0.018288	0.034171
0.750144	0.624030
0.988861	0.660636
0.748166	0.298495
0.280444	0.446135
0.789279	0.222125
0.103226	0.073364
0.447894	0.469239
0.908596	0.096172
0.293614	0.903370
0.287775	0.119490
0.130029	0.524799
0.019367	0.083623
0.678836	0.916861
0.211628	0.910448
0.265547	0.298930
0.491573	0.584389
0.053363	0.565912
0.574118	0.613938
0.146729	0.956536
0.589306	0.260979
0.699758	0.231015
0.102334	0.533448
0.414056	0.949938
0.694400	0.493060
0.414179	0.540601
0.049953	0.765485
0.535896	0.045346
0.663795	0.139966
0.514889	0.792404
0.944595	0.029801
0.586555	0.883125
0.903402	0.540788
0.137475	0.447980
0.139276	0.892136
0.807391	0.377584
0.397677	0.538425
0.165354	0.652299
0.927509	0.361261
0.347766	0.571009
0.750812	0.637836
0.725998	0.126315
0.883306	0.690205
0.623672	0.647749
0.750942	0.353939
0.348898	0.763233
0.269928	0.356532
0.895886	0.752788
0.428091	0.881342
0.964840	0.011669
0.663441	0.498109
0.621696	0.073792
0.114746	0.786951
0.949489	0.064067
0.449912	0.355310
0.578390	0.941837
0.408137	0.379803
0.237027	0.762920
0.903380	0.771595
0.573679	0.301361
0.002870	0.772739
0.617145	0.152930
0.326645	0.578634
0.527058	0.009008
0.885942	0.709043
0.357270	0.470641
0.908535	0.764593
0.623360	0.467393
0.015821	0.269001
0.929437	0.831693
0.690897	0.551325
0.997323	0.070081
0.172341	0.472475
0.137136	0.742765
0.932595	0.191956
0.696818	0.464312
0.066000	0.230363
0.755463	0.508248
0.753876	0.208568
0.923025	0.049304
0.711525	0.518862
0.124271	0.172278
0.019880	0.396313
0.026211	0.107365
0.028306	0.509810
0.246211	0.102135
0.860028	0.288718
0.538831	0.231758
0.552822	0.967668
0.842031	0.278319
0.124173	0.233623
0.279184	0.091556
0.585759	0.570067
0.969596	0.417927
0.561030	0.367843
0.018647	0.812995
0.800633	0.289760
0.232974	0.717392
0.807105	0.612948
0.387861	0.426910
0.863542	0.751873
0.747122	0.427813
0.556240	0.428382
0.136455	0.361904
0.059918	0.153338
0.121343	0.937190
0.044552	0.916410
0.107494	0.781958
0.225709	0.616329
0.712989	0.035999
0.559717	0.654324
0.012556	0.129770
0.071974	0.294359
0.967276	0.360815
0.568100	0.274645
0.203293	0.073969
0.252326	0.152137
0.743826	0.161619
0.195429	0.938712
0.581359	0.371134
0.970020	0.050018
0.846829	0.740956
0.239848	0.298680
0.493770	0.204358
0.619956	0.981757
0.828981	0.893021
0.156791	0.759349
0.018576	0.651121
0.070022	0.039684
0.486345	0.813876
0.606329	0.762573
0.568851	0.455282
0.317362	0.531826
0.988616	0.109336
0.579745	0.146033
0.380141	0.508789
0.550948	0.215650
0.745334	0.916444
0.669233	0.462153
0.264920	0.132267
0.066335	0.764242
0.370084	0.212734
0.629718	0.074258
0.210174	0.095419
0.752756	0.162206
0.066536	0.356464
0.260315	0.095308
0.804755	0.143263
0.193434	0.931013
0.639461	0.576584
0.524670	0.839645
0.924808	0.623292
0.263297	0.324518
0.065961	0.728012
0.735066	0.522737
0.772178	0.736811
0.907816	0.165406
0.931972	0.687058
0.013952	0.426811
0.234362	0.728557
0.616778	0.756335
0.949016	0.397611
0	1
0	3
0	7
0	8
0	9
0	15
0	18
0	19
0	20
0	24
0	26
0	31
0	36
0	47
0	51
0	52
0	54
0	56
0	57
0	61
0	63
0	64
0	67
0	69
0	72
0	74
0	75
0	77
0	78
0	81
0	83
0	86
0	90
0	93
0	95
0	98
0	100
0	111
0	126
0	130
0	133
0	135
0	143
0	144
0	145
0	146
0	148
0	156
0	162
0	163
0	164
0	167
0	168
0	170
0	173
0	175
0	178
0	186
0	187
0	188
0	191
0	193
0	197
0	198
1	3
1	7
1	8
1	9
1	11
1	15
1	20
1	21
1	23
1	24
1	25
1	29
1	31
1	36
1	39
1	40
1	47
1	51
1	54
1	56
1	61
1	62
1	63
1	67
1	69
1	70
1	78
1	80
1	81
1	83
1	85
1	86
1	88
1	93
1	96
1	102
1	104
1	105
1	107
1	108
1	113
1	115
1	118
1	126
1	130
1	136
1	138
1	148
1	159
1	162
1	163
1	167
1	168
1	175
1	176
1	187
1	188
1	189
1	192
1	193
1	195
1	198
2	4
2	5
2	6
2	10
2	12
2	14
2	22
2	27
2	28
2	30
2	35
2	38
2	42
2	44
2	48
2	49
2	50
2	53
2	55
2	60
2	71
2	84
2	94
2	103
2	106
2	110
2	114
2	119
2	120
2	121
2	122
2	123
2	128
2	129
2	137
2	141
2	142
2	149
2	150
2	153
2	154
2	160
2	161
2	166
2	177
2	179
2	181
2	183
2	184
2	190
2	196
3	7
3	8
3	9
3	15
3	18
3	19
3	26
3	30
3	31
3	36
3	47
3	51
3	52
3	54
3	55
3	56
3	57
3	61
3	63
3	64
3	67
3	69
3	72
3	74
3	75
3	77
3	81
3	83
3	86
3	90
3	93
3	95
3	98
3	100
3	111
3	126
3	133
3	135
3	143
3	144
3	145
3	146
3	148
3	156
3	162
3	164
3	165
3	167
3	168
3	170
3	173
3	175
3	178
3	186
3	188
3	191
3	197
3	198
4	5
4	6
4	7
4	10
4	12
4	14
4	16
4	17
4	22
4	27
4	28
4	30
4	33
4	35
4	38
4	42
4	44
4	45
4	48
4	49
4	50
4	53
4	54
4	55
4	58
4	60
4	63
4	65
4	71
4	74
4	75
4	77
4	84
4	92
4	94
4	97
4	99
4	100
4	101
4	103
4	106
4	110
4	114
4	119
4	120
4	121
4	122
4	123
4	125
4	128
4	129
4	132
4	135
4	137
4	140
4	141
4	142
4	146
4	149
4	150
4	152
4	153
4	154
4	157
4	160
4	161
4	165
4	166
4	169
4	170
4	172
4	173
4	174
4	177
4	179
4	181
4	183
4	184
4	190
4	191
4	196
5	6
5	7
5	10
5	12
5	14
5	16
5	17
5	19
5	22
5	26
5	27
5	28
5	30
5	31
5	33
5	35
5	38
5	42
5	44
5	45
5	48
5	49
5	50
5	53
5	54
5	55
5	60
5	63
5	64
5	71
5	72
5	74
5	75
5	77
5	83
5	84
5	90
5	92
5	94
5	95
5	97
5	98
5	100
5	103
5	106
5	110
5	111
5	114
5	119
5	120
5	121
5	122
5	123
5	125
5	128
5	129
5	132
5	133
5	135
5	137
5	140
5	141
5	142
5	145
5	146
5	149
5	150
5	152
5	153
5	154
5	157
5	160
5	161
5	164
5	165
5	166
5	169
5	170
5	173
5	174
5	177
5	178
5	179
5	181
5	183
5	184
5	190
5	191
5	196
5	197
6	7
6	10
6	12
6	14
6	16
6	17
6	19
6	22
6	26
6	27
6	28
6	30
6	31
6	33
6	35
6	38
6	42
6	44
6	45
6	48
6	49
6	50
6	53
6	54
6	55
6	56
6	58
6	60
6	63
6	64
6	65
6	71
6	74
6	75
6	77
6	83
6	84
6	88
6	90
6	92
6	94
6	95
6	97
6	98
6	99
6	100
6	103
6	105
6	106
6	110
6	111
6	114
6	119
6	120
6	121
6	122
6	123
6	125
6	128
6	129
6	130
6	132
6	133
6	135
6	137
6	140
6	141
6	142
6	145
6	146
6	148
6	149
6	150
6	152
6	153
6	154
6	157
6	160
6	161
6	164
6	165
6	166
6	169
6	170
6	172
6	173
6	174
6	176
6	177
6	178
6	179
6	181
6	183
6	184
6	187
6	190
6	191
6	196
6	197
7	8
7	9
7	10
7	11
7	12
7	14
7	15
7	16
7	17
7	18
7	19
7	20
7	23
7	26
7	30
7	31
7	36
7	39
7	42
7	45
7	47
7	49
7	51
7	52
7	53
7	54
7	55
7	56
7	57
7	58
7	60
7	61
7	62
7	63
7	64
7	67
7	69
7	71
7	72
7	74
7	75
7	77
7	78
7	81
7	83
7	84
7	86
7	88
7	90
7	92
7	93
7	94
7	95
7	97
7	98
7	100
7	103
7	105
7	108
7	110
7	111
7	113
7	115
7	118
7	120
7	122
7	125
7	126
7	128
7	130
7	132
7	133
7	135
7	136
7	137
7	139
7	140
7	141
7	143
7	144
7	145
7	146
7	148
7	150
7	152
7	156
7	157
7	160
7	161
7	162
7	164
7	165
7	167
7	168
7	169
7	170
7	173
7	174
7	175
7	176
7	178
7	179
7	183
7	186
7	187
7	188
7	190
7	191
7	192
7	193
7	196
7	197
7	198
8	9
8	15
8	16
8	18
8	19
8	20
8	24
8	26
8	30
8	31
8	36
8	39
8	45
8	47
8	49
8	51
8	52
8	54
8	56
8	57
8	60
8	61
8	63
8	64
8	67
8	69
8	72
8	74
8	75
8	77
8	78
8	81
8	83
8	86
8	90
8	93
8	95
8	98
8	100
8	103
8	108
8	111
8	126
8	130
8	133
8	135
8	143
8	144
8	145
8	146
8	148
8	156
8	159
8	162
8	163
8	164
8	165
8	167
8	168
8	170
8	173
8	175
8	178
8	186
8	187
8	188
8	191
8	193
8	197
8	198
9	11
9	15
9	16
9	17
9	18
9	19
9	20
9	21
9	23
9	24
9	25
9	26
9	29
9	31
9	36
9	39
9	40
9	42
9	45
9	47
9	51
9	52
9	54
9	56
9	57
9	61
9	62
9	63
9	64
9	67
9	69
9	70
9	72
9	74
9	75
9	77
9	78
9	80
9	81
9	83
9	85
9	86
9	88
9	90
9	92
9	93
9	94
9	95
9	96
9	100
9	102
9	103
9	104
9	105
9	107
9	108
9	111
9	113
9	115
9	118
9	126
9	130
9	132
9	135
9	136
9	137
9	138
9	139
9	140
9	143
9	144
9	145
9	146
9	148
9	156
9	157
9	159
9	162
9	163
9	164
9	167
9	168
9	169
9	170
9	173
9	175
9	176
9	178
9	186
9	187
9	188
9	189
9	191
9	192
9	193
9	195
9	197
9	198
10	11
10	12
10	13
10	14
10	16
10	17
10	22
10	23
10	27
10	28
10	30
10	31
10	33
10	34
10	35
10	37
10	38
10	39
10	41
10	42
10	43
10	44
10	45
10	48
10	49
10	50
10	53
10	54
10	55
10	56
10	58
10	59
10	60
10	62
10	63
10	65
10	66
10	67
10	71
10	73
10	74
10	75
10	77
10	78
10	79
10	81
10	82
10	83
10	84
10	88
10	89
10	92
10	94
10	95
10	97
10	99
10	100
10	101
10	103
10	105
10	106
10	108
10	110
10	113
10	114
10	115
10	116
10	118
10	119
10	120
10	121
10	122
10	123
10	124
10	125
10	127
10	128
10	129
10	130
10	132
10	134
10	135
10	136
10	137
10	139
10	140
10	141
10	142
10	146
10	147
10	148
10	149
10	150
10	152
10	153
10	154
10	155
10	157
10	160
10	161
10	166
10	168
10	169
10	170
10	172
10	173
10	174
10	176
10	177
10	179
10	180
10	181
10	182
10	183
10	184
10	185
10	187
10	190
10	192
10	196
10	197
10	198
11	12
11	13
11	15
11	16
11	17
11	20
11	21
11	23
11	24
11	25
11	29
11	31
11	32
11	33
11	34
11	36
11	37
11	39
11	40
11	41
11	42
11	43
11	45
11	46
11	51
11	53
11	54
11	56
11	58
11	59
11	62
11	63
11	66
11	67
11	69
11	70
11	73
11	74
11	76
11	77
11	78
11	79
11	80
11	81
11	82
11	83
11	84
11	85
11	86
11	88
11	89
11	92
11	93
11	94
11	96
11	97
11	99
11	100
11	102
11	103
11	104
11	105
11	107
11	108
11	112
11	113
11	115
11	116
11	118
11	124
11	125
11	126
11	127
11	130
11	131
11	132
11	134
11	135
11	136
11	137
11	138
11	139
11	140
11	146
11	147
11	148
11	151
11	152
11	155
11	157
11	159
11	160
11	161
11	162
11	163
11	167
11	168
11	169
11	170
11	172
11	173
11	174
11	175
11	176
11	179
11	180
11	182
11	185
11	187
11	188
11	189
11	190
11	192
11	193
11	194
11	195
11	197
11	198
11	199
12	14
12	16
12	17
12	18
12	19
12	22
12	23
12	26
12	27
12	28
12	30
12	31
12	33
12	35
12	38
12	42
12	44
12	45
12	47
12	48
12	49
12	50
12	52
12	53
12	54
12	55
12	56
12	58
12	60
12	62
12	63
12	64
12	67
12	71
12	72
12	74
12	75
12	77
12	81
12	83
12	84
12	86
12	88
12	90
12	92
12	94
12	95
12	97
12	98
12	100
12	103
12	105
12	106
12	108
12	110
12	111
12	113
12	114
12	119
12	120
12	121
12	122
12	123
12	125
12	128
12	129
12	130
12	132
12	133
12	135
12	137
12	140
12	141
12	142
12	144
12	145
12	146
12	148
12	149
12	150
12	152
12	153
12	154
12	156
12	157
12	160
12	161
12	164
12	165
12	166
12	167
12	169
12	170
12	172
12	173
12	174
12	176
12	177
12	178
12	179
12	181
12	183
12	184
12	186
12	187
12	190
12	191
12	196
12	197
13	17
13	20
13	23
13	29
13	32
13	33
13	34
13	37
13	39
13	40
13	41
13	43
13	45
13	46
13	56
13	58
13	59
13	62
13	65
13	66
13	68
13	70
13	73
13	76
13	78
13	79
13	80
13	81
13	82
13	87
13	88
13	89
13	91
13	92
13	94
13	97
13	99
13	101
13	102
13	105
13	108
13	109
13	112
13	113
13	115
13	116
13	117
13	118
13	124
13	125
13	127
13	130
13	131
13	132
13	134
13	136
13	139
13	140
13	147
13	151
13	152
13	155
13	157
13	158
13	161
13	169
13	171
13	172
13	174
13	176
13	180
13	182
13	185
13	187
13	189
13	192
13	194
13	195
13	199
14	16
14	18
14	19
14	26
14	27
14	28
14	30
14	31
14	35
14	42
14	44
14	45
14	47
14	48
14	49
14	50
14	52
14	53
14	54
14	55
14	57
14	60
14	63
14	64
14	71
14	72
14	74
14	75
14	77
14	83
14	84
14	90
14	92
14	94
14	95
14	98
14	100
14	103
14	106
14	110
14	111
14	114
14	119
14	120
14	121
14	122
14	123
14	128
14	133
14	135
14	137
14	141
14	142
14	143
14	144
14	145
14	146
14	149
14	150
14	153
14	154
14	156
14	160
14	164
14	165
14	166
14	170
14	173
14	177
14	178
14	179
14	181
14	183
14	184
14	186
14	190
14	191
14	196
14	197
15	17
15	19
15	20
15	21
15	23
15	24
15	25
15	29
15	31
15	36
15	39
15	40
15	45
15	47
15	51
15	52
15	54
15	56
15	61
15	62
15	63
15	67
15	69
15	70
15	74
15	77
15	78
15	80
15	81
15	83
15	85
15	86
15	88
15	93
15	95
15	96
15	100
15	102
15	104
15	105
15	107
15	108
15	113
15	115
15	118
15	126
15	130
15	135
15	136
15	138
15	139
15	140
15	148
15	156
15	159
15	162
15	163
15	167
15	168
15	169
15	173
15	175
15	176
15	186
15	187
15	188
15	189
15	192
15	193
15	195
15	197
15	198
16	17
16	19
16	20
16	22
16	23
16	26
16	27
16	28
16	30
16	31
16	33
16	34
16	35
16	36
16	37
16	39
16	41
16	42
16	43
16	44
16	45
16	47
16	48
16	49
16	52
16	53
16	54
16	55
16	56
16	58
16	59
16	60
16	61
16	62
16	63
16	64
16	65
16	66
16	67
16	69
16	70
16	71
16	73
16	74
16	75
16	77
16	78
16	79
16	81
16	82
16	83
16	84
16	86
16	88
16	89
16	90
16	92
16	94
16	95
16	97
16	99
16	100
16	101
16	103
16	105
16	106
16	108
16	110
16	111
16	113
16	114
16	115
16	116
16	118
16	119
16	120
16	122
16	123
16	124
16	125
16	127
16	128
16	129
16	130
16	132
16	134
16	135
16	136
16	137
16	139
16	140
16	141
16	142
16	145
16	146
16	148
16	150
16	152
16	153
16	154
16	155
16	157
16	160
16	161
16	164
16	165
16	167
16	168
16	169
16	170
16	172
16	173
16	174
16	176
16	177
16	178
16	179
16	180
16	181
16	182
16	183
16	184
16	185
16	187
16	188
16	190
16	191
16	192
16	193
16	196
16	197
16	198
17	20
17	22
17	23
17	29
17	30
17	31
17	32
17	33
17	34
17	35
17	36
17	37
17	39
17	40
17	41
17	42
17	43
17	45
17	46
17	48
17	49
17	53
17	54
17	56
17	58
17	59
17	60
17	62
17	63
17	65
17	66
17	67
17	69
17	70
17	71
17	73
17	74
17	75
17	76
17	77
17	78
17	79
17	80
17	81
17	82
17	83
17	84
17	85
17	86
17	88
17	89
17	92
17	94
17	95
17	96
17	97
17	99
17	100
17	101
17	102
17	103
17	104
17	105
17	108
17	110
17	112
17	113
17	115
17	116
17	118
17	123
17	124
17	125
17	127
17	128
17	129
17	130
17	131
17	132
17	134
17	135
17	136
17	137
17	138
17	139
17	140
17	141
17	146
17	147
17	148
17	151
17	152
17	154
17	155
17	157
17	159
17	160
17	161
17	167
17	168
17	169
17	170
17	172
17	173
17	174
17	176
17	177
17	179
17	180
17	181
17	182
17	183
17	184
17	185
17	187
17	188
17	189
17	190
17	192
17	193
17	194
17	195
17	197
17	198
17	199
18	19
18	26
18	30
18	31
18	47
18	49
18	52
18	54
18	55
18	57
18	60
18	61
18	63
18	64
18	67
18	69
18	71
18	72
18	74
18	75
18	77
18	83
18	86
18	90
18	93
18	95
18	98
18	100
18	110
18	111
18	122
18	126
18	133
18	135
18	143
18	144
18	145
18	146
18	156
18	162
18	164
18	165
18	167
18	168
18	170
18	173
18	178
18	186
18	188
18	191
18	197
19	26
19	30
19	31
19	36
19	42
19	45
19	47
19	49
19	52
19	53
19	54
19	55
19	56
19	57
19	60
19	61
19	63
19	64
19	67
19	69
19	71
19	72
19	74
19	75
19	77
19	81
19	83
19	84
19	86
19	90
19	92
19	93
19	94
19	95
19	98
19	100
19	103
19	110
19	111
19	120
19	122
19	126
19	130
19	133
19	135
19	137
19	141
19	143
19	144
19	145
19	146
19	148
19	156
19	160
19	162
19	164
19	165
19	167
19	168
19	169
19	170
19	173
19	178
19	183
19	186
19	187
19	188
19	190
19	191
19	196
19	197
19	198
20	21
20	23
20	24
20	25
20	29
20	31
20	32
20	34
20	36
20	37
20	39
20	40
20	41
20	43
20	45
20	51
20	54
20	56
20	59
20	61
20	62
20	63
20	67
20	69
20	70
20	73
20	74
20	76
20	77
20	78
20	80
20	81
20	82
20	83
20	85
20	86
20	88
20	93
20	96
20	97
20	100
20	102
20	104
20	105
20	107
20	108
20	113
20	115
20	118
20	124
20	126
20	127
20	130
20	131
20	132
20	134
20	136
20	138
20	139
20	140
20	148
20	151
20	152
20	157
20	159
20	162
20	163
20	167
20	168
20	169
20	173
20	175
20	176
20	187
20	188
20	189
20	192
20	193
20	195
20	198
20	199
21	23
21	24
21	25
21	29
21	32
21	36
21	37
21	39
21	40
21	51
21	56
21	62
21	67
21	69
21	70
21	73
21	76
21	78
21	80
21	81
21	82
21	85
21	88
21	93
21	96
21	102
21	104
21	105
21	107
21	108
21	113
21	115
21	118
21	126
21	130
21	131
21	136
21	138
21	139
21	148
21	151
21	159
21	162
21	163
21	167
21	168
21	175
21	176
21	187
21	188
21	189
21	192
21	193
21	195
21	198
21	199
22	27
22	28
22	33
22	34
22	35
22	38
22	41
22	42
22	43
22	44
22	45
22	48
22	49
22	50
22	53
22	58
22	59
22	60
22	63
22	65
22	66
22	71
22	74
22	77
22	79
22	84
22	89
22	92
22	94
22	97
22	99
22	100
22	101
22	103
22	105
22	106
22	110
22	114
22	116
22	119
22	120
22	121
22	123
22	125
22	128
22	129
22	132
22	137
22	140
22	141
22	142
22	147
22	149
22	150
22	152
22	153
22	154
22	155
22	157
22	160
22	161
22	166
22	169
22	170
22	172
22	173
22	174
22	177
22	179
22	180
22	181
22	182
22	183
22	184
22	185
22	190
22	196
23	24
23	25
23	29
23	31
23	32
23	33
23	34
23	36
23	37
23	39
23	40
23	41
23	42
23	43
23	45
23	46
23	51
23	53
23	54
23	56
23	58
23	59
23	62
23	63
23	65
23	66
23	67
23	69
23	70
23	73
23	74
23	76
23	77
23	78
23	79
23	80
23	81
23	82
23	83
23	84
23	85
23	86
23	88
23	89
23	92
23	93
23	94
23	96
23	97
23	99
23	100
23	102
23	103
23	104
23	105
23	107
23	108
23	112
23	113
23	115
23	116
23	118
23	124
23	125
23	126
23	127
23	130
23	131
23	132
23	134
23	136
23	137
23	138
23	139
23	140
23	146
23	147
23	148
23	151
23	152
23	155
23	157
23	159
23	161
23	162
23	163
23	167
23	168
23	169
23	170
23	172
23	173
23	174
23	175
23	176
23	179
23	180
23	182
23	185
23	187
23	188
23	189
23	190
23	192
23	193
23	194
23	195
23	198
23	199
24	25
24	29
24	31
24	32
24	36
24	37
24	39
24	40
24	51
24	54
24	56
24	61
24	62
24	67
24	69
24	70
24	73
24	78
24	80
24	81
24	85
24	86
24	88
24	93
24	96
24	102
24	104
24	105
24	107
24	108
24	113
24	115
24	118
24	126
24	130
24	131
24	136
24	138
24	139
24	148
24	159
24	162
24	163
24	167
24	168
24	175
24	176
24	187
24	188
24	189
24	192
24	193
24	195
24	198
24	199
25	29
25	31
25	32
25	36
25	37
25	39
25	40
25	51
25	54
25	56
25	61
25	62
25	67
25	69
25	70
25	73
25	76
25	78
25	80
25	81
25	82
25	85
25	86
25	88
25	93
25	96
25	102
25	104
25	105
25	107
25	108
25	113
25	115
25	118
25	126
25	130
25	131
25	136
25	138
25	139
25	148
25	151
25	159
25	162
25	163
25	167
25	168
25	169
25	175
25	176
25	187
25	188
25	189
25	192
25	193
25	195
25	198
25	199
26	30
26	31
26	42
26	47
26	49
26	52
26	54
26	55
26	57
26	60
26	61
26	63
26	64
26	67
26	71
26	72
26	74
26	75
26	77
26	83
26	86
26	90
26	95
26	98
26	100
26	103
26	110
26	111
26	120
26	122
26	126
26	133
26	135
26	141
26	143
26	144
26	145
26	146
26	156
26	164
26	165
26	167
26	170
26	173
26	178
26	183
26	186
26	188
26	191
26	196
26	197
27	28
27	30
27	33
27	35
27	38
27	42
27	44
27	45
27	48
27	49
27	50
27	53
27	55
27	60
27	63
27	64
27	71
27	74
27	75
27	77
27	84
27	92
27	94
27	100
27	103
27	106
27	110
27	111
27	114
27	119
27	120
27	121
27	122
27	123
27	128
27	129
27	135
27	137
27	141
27	142
27	146
27	149
27	150
27	153
27	154
27	160
27	161
27	165
27	166
27	170
27	173
27	177
27	178
27	179
27	181
27	183
27	184
27	190
27	191
27	196
27	197
28	33
28	35
28	38
28	42
28	44
28	45
28	48
28	49
28	50
28	53
28	58
28	60
28	65
28	71
28	84
28	89
28	92
28	94
28	97
28	99
28	101
28	103
28	106
28	110
28	114
28	119
28	120
28	121
28	122
28	123
28	125
28	128
28	129
28	132
28	137
28	141
28	142
28	149
28	150
28	152
28	153
28	154
28	160
28	161
28	166
28	170
28	172
28	173
28	174
28	177
28	179
28	180
28	181
28	183
28	184
28	190
28	196
29	31
29	32
29	34
29	36
29	37
29	39
29	40
29	41
29	43
29	45
29	51
29	54
29	56
29	59
29	62
29	63
29	67
29	69
29	70
29	73
29	74
29	76
29	78
29	80
29	81
29	82
29	85
29	86
29	88
29	93
29	96
29	97
29	102
29	104
29	105
29	107
29	108
29	112
29	113
29	115
29	116
29	118
29	124
29	126
29	127
29	130
29	131
29	132
29	134
29	136
29	138
29	139
29	140
29	148
29	151
29	157
29	159
29	162
29	163
29	167
29	168
29	169
29	175
29	176
29	187
29	188
29	189
29	192
29	193
29	195
29	198
29	199
30	31
30	42
30	45
30	47
30	49
30	52
30	53
30	54
30	55
30	56
30	57
30	60
30	61
30	63
30	64
30	67
30	71
30	72
30	74
30	75
30	77
30	83
30	84
30	86
30	90
30	92
30	94
30	95
30	98
30	100
30	103
30	106
30	110
30	111
30	114
30	119
30	120
30	121
30	122
30	128
30	130
30	133
30	135
30	137
30	140
30	141
30	142
30	143
30	144
30	145
30	146
30	148
30	149
30	150
30	154
30	156
30	160
30	164
30	165
30	167
30	169
30	170
30	173
30	177
30	178
30	179
30	183
30	186
30	188
30	190
30	191
30	196
30	197
31	33
31	34
31	36
31	37
31	39
31	41
31	42
31	45
31	47
31	49
31	51
31	52
31	53
31	54
31	55
31	56
31	57
31	58
31	60
31	61
31	62
31	63
31	64
31	67
31	69
31	70
31	71
31	72
31	73
31	74
31	75
31	77
31	78
31	80
31	81
31	82
31	83
31	84
31	85
31	86
31	88
31	90
31	92
31	93
31	94
31	95
31	96
31	97
31	98
31	100
31	102
31	103
31	104
31	105
31	108
31	110
31	111
31	113
31	115
31	118
31	120
31	122
31	125
31	126
31	130
31	132
31	133
31	135
31	136
31	137
31	138
31	139
31	140
31	141
31	143
31	144
31	145
31	146
31	148
31	152
31	156
31	157
31	159
31	160
31	161
31	162
31	163
31	164
31	165
31	167
31	168
31	169
31	170
31	173
31	174
31	175
31	176
31	178
31	179
31	183
31	186
31	187
31	188
31	190
31	191
31	192
31	193
31	196
31	197
31	198
32	33
32	34
32	36
32	37
32	39
32	40
32	41
32	43
32	46
32	54
32	56
32	58
32	59
32	62
32	66
32	68
32	70
32	73
32	76
32	78
32	79
32	80
32	81
32	82
32	85
32	87
32	88
32	89
32	91
32	96
32	97
32	99
32	102
32	104
32	105
32	107
32	108
32	109
32	112
32	113
32	115
32	116
32	117
32	118
32	124
32	125
32	127
32	130
32	131
32	132
32	134
32	136
32	138
32	139
32	140
32	147
32	148
32	151
32	152
32	155
32	157
32	158
32	159
32	163
32	168
32	169
32	171
32	172
32	174
32	176
32	180
32	182
32	185
32	187
32	189
32	192
32	193
32	194
32	195
32	198
32	199
33	34
33	35
33	37
33	39
33	41
33	42
33	43
33	44
33	45
33	46
33	48
33	53
33	54
33	56
33	58
33	59
33	62
33	63
33	65
33	66
33	68
33	71
33	73
33	74
33	76
33	77
33	78
33	79
33	81
33	82
33	84
33	87
33	88
33	89
33	91
33	92
33	94
33	97
33	99
33	100
33	101
33	103
33	105
33	108
33	109
33	110
33	112
33	113
33	114
33	115
33	116
33	117
33	118
33	119
33	123
33	124
33	125
33	127
33	128
33	129
33	130
33	131
33	132
33	134
33	136
33	137
33	139
33	140
33	141
33	142
33	147
33	148
33	150
33	151
33	152
33	153
33	154
33	155
33	157
33	158
33	160
33	161
33	166
33	169
33	170
33	171
33	172
33	173
33	174
33	176
33	177
33	179
33	180
33	181
33	182
33	183
33	184
33	185
33	187
33	190
33	192
33	194
33	199
34	35
34	36
34	37
34	39
34	40
34	41
34	42
34	43
34	45
34	46
34	48
34	53
34	54
34	56
34	58
34	59
34	62
34	63
34	65
34	66
34	68
34	70
34	73
34	74
34	76
34	77
34	78
34	79
34	80
34	81
34	82
34	84
34	87
34	88
34	89
34	91
34	92
34	94
34	97
34	99
34	100
34	101
34	102
34	103
34	105
34	108
34	109
34	112
34	113
34	115
34	116
34	117
34	118
34	123
34	124
34	125
34	127
34	129
34	130
34	131
34	132
34	134
34	136
34	137
34	138
34	139
34	140
34	147
34	148
34	151
34	152
34	154
34	155
34	157
34	158
34	159
34	160
34	161
34	168
34	169
34	170
34	171
34	172
34	173
34	174
34	176
34	177
34	179
34	180
34	182
34	184
34	185
34	187
34	189
34	190
34	192
34	193
34	194
34	195
34	198
34	199
35	38
35	41
35	42
35	43
35	44
35	45
35	48
35	49
35	50
35	53
35	54
35	55
35	58
35	59
35	60
35	63
35	65
35	66
35	71
35	74
35	77
35	79
35	82
35	84
35	88
35	89
35	92
35	94
35	97
35	99
35	100
35	101
35	103
35	105
35	106
35	110
35	113
35	114
35	116
35	119
35	120
35	121
35	122
35	123
35	125
35	128
35	129
35	132
35	137
35	140
35	141
35	142
35	146
35	147
35	149
35	150
35	152
35	153
35	154
35	155
35	157
35	160
35	161
35	166
35	169
35	170
35	172
35	173
35	174
35	176
35	177
35	179
35	180
35	181
35	182
35	183
35	184
35	185
35	190
35	196
36	37
36	39
36	40
36	41
36	45
36	47
36	51
36	52
36	54
36	56
36	61
36	62
36	63
36	67
36	69
36	70
36	73
36	74
36	76
36	77
36	78
36	80
36	81
36	82
36	83
36	85
36	86
36	88
36	92
36	93
36	94
36	95
36	96
36	97
36	100
36	102
36	103
36	104
36	105
36	107
36	108
36	113
36	115
36	118
36	126
36	130
36	131
36	132
36	135
36	136
36	137
36	138
36	139
36	140
36	146
36	148
36	157
36	159
36	162
36	163
36	167
36	168
36	169
36	170
36	173
36	175
36	176
36	187
36	188
36	189
36	192
36	193
36	195
36	197
36	198
36	199
37	39
37	40
37	41
37	43
37	45
37	46
37	54
37	56
37	58
37	59
37	62
37	63
37	65
37	66
37	67
37	68
37	70
37	73
37	74
37	76
37	78
37	79
37	80
37	81
37	82
37	85
37	87
37	88
37	89
37	91
37	92
37	94
37	96
37	97
37	99
37	102
37	103
37	104
37	105
37	107
37	108
37	109
37	112
37	113
37	115
37	116
37	117
37	118
37	124
37	125
37	127
37	130
37	131
37	132
37	134
37	136
37	137
37	138
37	139
37	140
37	147
37	148
37	151
37	152
37	155
37	157
37	158
37	159
37	161
37	163
37	168
37	169
37	171
37	172
37	173
37	174
37	176
37	180
37	182
37	185
37	187
37	189
37	192
37	193
37	194
37	195
37	198
37	199
38	42
38	44
38	48
38	50
38	53
38	71
38	84
38	106
38	110
38	114
38	119
38	120
38	121
38	122
38	123
38	128
38	129
38	141
38	142
38	149
38	150
38	153
38	154
38	160
38	166
38	177
38	179
38	181
38	183
38	184
38	190
38	196
39	40
39	41
39	43
39	45
39	51
39	54
39	56
39	58
39	59
39	61
39	62
39	63
39	66
39	67
39	69
39	70
39	73
39	74
39	76
39	77
39	78
39	79
39	80
39	81
39	82
39	83
39	85
39	86
39	88
39	92
39	93
39	94
39	96
39	97
39	99
39	100
39	102
39	103
39	104
39	105
39	107
39	108
39	112
39	113
39	115
39	116
39	118
39	124
39	125
39	126
39	127
39	130
39	131
39	132
39	134
39	136
39	137
39	138
39	139
39	140
39	148
39	151
39	152
39	155
39	157
39	159
39	161
39	162
39	163
39	167
39	168
39	169
39	170
39	173
39	174
39	175
39	176
39	182
39	185
39	187
39	188
39	189
39	192
39	193
39	194
39	195
39	198
39	199
40	41
40	43
40	51
40	56
40	62
40	67
40	69
40	70
40	73
40	76
40	78
40	80
40	81
40	82
40	85
40	88
40	93
40	96
40	102
40	104
40	105
40	107
40	108
40	112
40	113
40	115
40	118
40	124
40	127
40	130
40	131
40	134
40	136
40	138
40	139
40	140
40	148
40	151
40	157
40	159
40	162
40	163
40	168
40	169
40	175
40	176
40	187
40	188
40	189
40	192
40	193
40	195
40	198
40	199
41	42
41	43
41	45
41	46
41	48
41	53
41	54
41	56
41	58
41	59
41	62
41	63
41	65
41	66
41	68
41	70
41	73
41	74
41	76
41	77
41	78
41	79
41	80
41	81
41	82
41	84
41	85
41	87
41	88
41	89
41	91
41	92
41	94
41	96
41	97
41	99
41	101
41	102
41	103
41	104
41	105
41	108
41	109
41	112
41	113
41	115
41	116
41	117
41	118
41	124
41	125
41	127
41	130
41	131
41	132
41	134
41	136
41	137
41	138
41	139
41	140
41	147
41	148
41	151
41	152
41	155
41	157
41	158
41	159
41	161
41	168
41	169
41	170
41	171
41	172
41	173
41	174
41	176
41	179
41	180
41	182
41	185
41	187
41	189
41	190
41	192
41	193
41	194
41	195
41	198
41	199
42	44
42	45
42	47
42	48
42	49
42	50
42	52
42	53
42	54
42	55
42	56
42	58
42	59
42	60
42	62
42	63
42	64
42	65
42	66
42	67
42	71
42	72
42	74
42	75
42	77
42	81
42	82
42	83
42	84
42	86
42	88
42	90
42	92
42	94
42	95
42	97
42	98
42	99
42	100
42	103
42	105
42	106
42	108
42	110
42	111
42	113
42	114
42	115
42	118
42	119
42	120
42	121
42	122
42	123
42	125
42	128
42	129
42	130
42	132
42	133
42	135
42	137
42	139
42	140
42	141
42	142
42	145
42	146
42	148
42	149
42	150
42	152
42	153
42	154
42	156
42	157
42	160
42	161
42	164
42	165
42	166
42	167
42	168
42	169
42	170
42	172
42	173
42	174
42	176
42	177
42	178
42	179
42	181
42	183
42	184
42	186
42	187
42	188
42	190
42	191
42	192
42	196
42	197
42	198
43	45
43	46
43	54
43	56
43	58
43	59
43	62
43	63
43	65
43	66
43	68
43	70
43	73
43	76
43	78
43	79
43	80
43	81
43	82
43	87
43	88
43	89
43	91
43	92
43	94
43	97
43	99
43	101
43	102
43	103
43	105
43	108
43	109
43	112
43	113
43	115
43	116
43	117
43	118
43	124
43	125
43	127
43	130
43	131
43	132
43	134
43	136
43	137
43	139
43	140
43	147
43	148
43	151
43	152
43	155
43	157
43	158
43	161
43	169
43	171
43	172
43	173
43	174
43	176
43	179
43	180
43	182
43	185
43	187
43	189
43	192
43	194
43	195
43	199
44	48
44	49
44	50
44	53
44	55
44	60
44	65
44	71
44	84
44	92
44	94
44	101
44	103
44	106
44	110
44	114
44	119
44	120
44	121
44	122
44	123
44	125
44	128
44	129
44	137
44	141
44	142
44	149
44	150
44	153
44	154
44	160
44	161
44	166
44	172
44	174
44	177
44	179
44	181
44	183
44	184
44	190
44	196
45	47
45	48
45	49
45	53
45	54
45	55
45	56
45	58
45	59
45	60
45	61
45	62
45	63
45	64
45	65
45	66
45	67
45	69
45	70
45	71
45	73
45	74
45	75
45	76
45	77
45	78
45	79
45	80
45	81
45	82
45	83
45	84
45	86
45	88
45	89
45	90
45	92
45	93
45	94
45	95
45	97
45	99
45	100
45	101
45	102
45	103
45	105
45	106
45	108
45	110
45	111
45	113
45	114
45	115
45	116
45	118
45	119
45	120
45	122
45	123
45	124
45	125
45	127
45	128
45	129
45	130
45	132
45	134
45	135
45	136
45	137
45	139
45	140
45	141
45	145
45	146
45	148
45	150
45	152
45	153
45	154
45	155
45	157
45	159
45	160
45	161
45	164
45	165
45	167
45	168
45	169
45	170
45	172
45	173
45	174
45	176
45	177
45	178
45	179
45	180
45	181
45	182
45	183
45	184
45	185
45	187
45	188
45	190
45	191
45	192
45	193
45	196
45	197
45	198
46	58
46	59
46	62
46	65
46	66
46	68
46	70
46	73
46	76
46	79
46	82
46	87
46	88
46	89
46	91
46	97
46	99
46	101
46	105
46	109
46	112
46	113
46	115
46	116
46	117
46	118
46	124
46	125
46	127
46	131
46	132
46	134
46	139
46	140
46	147
46	151
46	152
46	155
46	157
46	158
46	161
46	169
46	171
46	172
46	174
46	176
46	180
46	182
46	185
46	192
46	194
46	199
47	49
47	51
47	52
47	54
47	55
47	56
47	57
47	60
47	61
47	63
47	64
47	67
47	69
47	71
47	72
47	74
47	75
47	77
47	81
47	83
47	86
47	90
47	93
47	95
47	98
47	100
47	103
47	110
47	111
47	122
47	126
47	130
47	133
47	135
47	137
47	143
47	144
47	145
47	146
47	148
47	156
47	162
47	164
47	165
47	167
47	168
47	170
47	173
47	175
47	178
47	186
47	187
47	188
47	191
47	197
47	198
48	49
48	50
48	53
48	58
48	59
48	60
48	63
48	65
48	66
48	71
48	74
48	77
48	79
48	84
48	89
48	92
48	94
48	97
48	99
48	100
48	101
48	103
48	105
48	106
48	110
48	114
48	116
48	119
48	120
48	121
48	122
48	123
48	125
48	128
48	129
48	132
48	137
48	140
48	141
48	142
48	147
48	149
48	150
48	152
48	153
48	154
48	155
48	157
48	160
48	161
48	166
48	169
48	170
48	172
48	173
48	174
48	177
48	179
48	180
48	181
48	182
48	183
48	184
48	190
48	196
49	50
49	52
49	53
49	54
49	55
49	56
49	57
49	60
49	63
49	64
49	67
49	71
49	72
49	74
49	75
49	77
49	83
49	84
49	86
49	90
49	92
49	94
49	95
49	97
49	98
49	100
49	103
49	105
49	106
49	110
49	111
49	114
49	119
49	120
49	121
49	122
49	123
49	128
49	129
49	130
49	132
49	133
49	135
49	137
49	140
49	141
49	142
49	143
49	144
49	145
49	146
49	148
49	149
49	150
49	153
49	154
49	156
49	157
49	160
49	161
49	164
49	165
49	166
49	167
49	169
49	170
49	173
49	177
49	178
49	179
49	181
49	183
49	184
49	186
49	190
49	191
49	196
49	197
50	53
50	55
50	60
50	71
50	84
50	94
50	106
50	110
50	114
50	119
50	120
50	121
50	122
50	123
50	128
50	129
50	141
50	142
50	149
50	150
50	153
50	154
50	160
50	161
50	166
50	177
50	179
50	181
50	183
50	184
50	190
50	196
51	52
51	54
51	56
51	61
51	62
51	63
51	67
51	69
51	70
51	74
51	77
51	78
51	80
51	81
51	83
51	85
51	86
51	88
51	93
51	95
51	96
51	100
51	102
51	104
51	105
51	107
51	108
51	113
51	115
51	118
51	126
51	130
51	135
51	136
51	138
51	139
51	148
51	156
51	159
51	162
51	163
51	167
51	168
51	169
51	175
51	176
51	186
51	187
51	188
51	189
51	192
51	193
51	195
51	197
51	198
52	54
52	55
52	56
52	57
52	60
52	61
52	63
52	64
52	67
52	69
52	71
52	72
52	74
52	75
52	77
52	81
52	83
52	86
52	90
52	93
52	95
52	98
52	100
52	103
52	110
52	111
52	122
52	126
52	133
52	135
52	143
52	144
52	145
52	146
52	148
52	156
52	162
52	164
52	165
52	167
52	168
52	170
52	173
52	178
52	186
52	188
52	191
52	197
52	198
53	54
53	55
53	56
53	58
53	59
53	60
53	62
53	63
53	65
53	66
53	71
53	74
53	75
53	77
53	79
53	81
53	82
53	83
53	84
53	88
53	89
53	92
53	94
53	95
53	97
53	99
53	100
53	101
53	103
53	105
53	106
53	108
53	110
53	111
53	113
53	114
53	116
53	118
53	119
53	120
53	121
53	122
53	123
53	125
53	128
53	129
53	130
53	132
53	135
53	137
53	139
53	140
53	141
53	142
53	146
53	148
53	149
53	150
53	152
53	153
53	154
53	155
53	157
53	160
53	161
53	164
53	165
53	166
53	169
53	170
53	172
53	173
53	174
53	176
53	177
53	179
53	180
53	181
53	183
53	184
53	187
53	190
53	191
53	196
53	197
54	55
54	56
54	58
54	59
54	60
54	61
54	62
54	63
54	64
54	66
54	67
54	69
54	70
54	71
54	72
54	73
54	74
54	75
54	76
54	77
54	78
54	80
54	81
54	82
54	83
54	84
54	85
54	86
54	88
54	90
54	92
54	93
54	94
54	95
54	96
54	97
54	99
54	100
54	102
54	103
54	104
54	105
54	108
54	110
54	111
54	113
54	115
54	116
54	118
54	122
54	124
54	125
54	126
54	127
54	130
54	132
54	134
54	135
54	136
54	137
54	138
54	139
54	140
54	141
54	145
54	146
54	148
54	152
54	154
54	155
54	156
54	157
54	159
54	160
54	161
54	162
54	163
54	164
54	165
54	167
54	168
54	169
54	170
54	172
54	173
54	174
54	175
54	176
54	178
54	179
54	182
54	183
54	186
54	187
54	188
54	189
54	190
54	191
54	192
54	193
54	195
54	197
54	198
54	199
55	57
55	60
55	63
55	64
55	71
55	72
55	74
55	75
55	77
55	83
55	84
55	86
55	90
55	92
55	94
55	95
55	98
55	100
55	103
55	106
55	110
55	111
55	114
55	119
55	120
55	121
55	122
55	128
55	133
55	135
55	137
55	141
55	142
55	143
55	144
55	145
55	146
55	149
55	150
55	154
55	156
55	160
55	164
55	165
55	167
55	170
55	173
55	177
55	178
55	179
55	181
55	183
55	186
55	190
55	191
55	196
55	197
56	58
56	59
56	60
56	61
56	62
56	63
56	66
56	67
56	69
56	70
56	71
56	73
56	74
56	75
56	76
56	77
56	78
56	80
56	81
56	82
56	83
56	84
56	85
56	86
56	88
56	90
56	92
56	93
56	94
56	95
56	96
56	97
56	99
56	100
56	102
56	103
56	104
56	105
56	107
56	108
56	110
56	111
56	113
56	115
56	116
56	118
56	124
56	125
56	126
56	127
56	130
56	131
56	132
56	134
56	135
56	136
56	137
56	138
56	139
56	140
56	145
56	146
56	148
56	151
56	152
56	155
56	156
56	157
56	159
56	160
56	161
56	162
56	163
56	164
56	167
56	168
56	169
56	170
56	172
56	173
56	174
56	175
56	176
56	179
56	182
56	186
56	187
56	188
56	189
56	190
56	192
56	193
56	195
56	197
56	198
56	199
57	60
57	61
57	63
57	64
57	67
57	69
57	72
57	74
57	75
57	77
57	83
57	86
57	90
57	93
57	95
57	98
57	100
57	110
57	111
57	122
57	126
57	133
57	135
57	143
57	144
57	145
57	146
57	156
57	162
57	164
57	165
57	167
57	168
57	170
57	178
57	186
57	188
57	191
57	197
58	59
58	62
58	63
58	65
58	66
58	68
58	70
58	71
58	73
58	74
58	76
58	77
58	78
58	79
58	81
58	82
58	84
58	87
58	88
58	89
58	91
58	92
58	94
58	97
58	99
58	100
58	101
58	103
58	105
58	108
58	109
58	110
58	112
58	113
58	115
58	116
58	117
58	118
58	119
58	123
58	124
58	125
58	127
58	128
58	129
58	130
58	131
58	132
58	134
58	136
58	137
58	139
58	140
58	141
58	147
58	148
58	151
58	152
58	153
58	154
58	155
58	157
58	158
58	160
58	161
58	169
58	170
58	171
58	172
58	173
58	174
58	176
58	177
58	179
58	180
58	181
58	182
58	184
58	185
58	187
58	189
58	190
58	192
58	194
58	198
58	199
59	62
59	63
59	65
59	66
59	68
59	70
59	73
59	74
59	76
59	77
59	78
59	79
59	80
59	81
59	82
59	84
59	87
59	88
59	89
59	91
59	92
59	94
59	97
59	99
59	101
59	103
59	105
59	108
59	109
59	112
59	113
59	115
59	116
59	117
59	118
59	123
59	124
59	125
59	127
59	129
59	130
59	131
59	132
59	134
59	136
59	137
59	139
59	140
59	147
59	148
59	151
59	152
59	154
59	155
59	157
59	158
59	160
59	161
59	169
59	170
59	171
59	172
59	173
59	174
59	176
59	177
59	179
59	180
59	182
59	184
59	185
59	187
59	189
59	190
59	192
59	194
59	199
60	63
60	64
60	67
60	71
60	72
60	74
60	75
60	77
60	83
60	84
60	86
60	90
60	92
60	94
60	95
60	98
60	100
60	103
60	106
60	110
60	111
60	114
60	119
60	120
60	121
60	122
60	123
60	128
60	129
60	130
60	132
60	133
60	135
60	137
60	140
60	141
60	142
60	143
60	144
60	145
60	146
60	148
60	149
60	150
60	153
60	154
60	156
60	160
60	164
60	165
60	166
60	167
60	169
60	170
60	173
60	177
60	178
60	179
60	181
60	183
60	184
60	186
60	190
60	191
60	196
60	197
61	63
61	64
61	67
61	69
61	72
61	74
61	75
61	77
61	78
61	81
61	83
61	86
61	90
61	93
61	95
61	98
61	100
61	103
61	108
61	111
61	126
61	130
61	133
61	135
61	138
61	143
61	144
61	145
61	146
61	148
61	156
61	159
61	162
61	163
61	164
61	165
61	167
61	168
61	170
61	173
61	175
61	178
61	186
61	187
61	188
61	191
61	193
61	197
61	198
62	63
62	65
62	66
62	67
62	69
62	70
62	73
62	74
62	76
62	77
62	78
62	79
62	80
62	81
62	82
62	83
62	84
62	85
62	86
62	88
62	89
62	91
62	92
62	93
62	94
62	96
62	97
62	99
62	100
62	102
62	103
62	104
62	105
62	107
62	108
62	112
62	113
62	115
62	116
62	117
62	118
62	124
62	125
62	126
62	127
62	130
62	131
62	132
62	134
62	136
62	137
62	138
62	139
62	140
62	146
62	147
62	148
62	151
62	152
62	155
62	157
62	159
62	160
62	161
62	162
62	163
62	167
62	168
62	169
62	170
62	171
62	172
62	173
62	174
62	175
62	176
62	179
62	180
62	182
62	185
62	187
62	188
62	189
62	190
62	192
62	193
62	194
62	195
62	198
62	199
63	64
63	66
63	67
63	69
63	70
63	71
63	72
63	73
63	74
63	75
63	77
63	78
63	80
63	81
63	82
63	83
63	84
63	86
63	88
63	90
63	92
63	93
63	94
63	95
63	97
63	98
63	99
63	100
63	103
63	105
63	106
63	108
63	110
63	111
63	113
63	114
63	115
63	116
63	118
63	119
63	120
63	122
63	123
63	125
63	126
63	128
63	129
63	130
63	132
63	133
63	134
63	135
63	136
63	137
63	138
63	139
63	140
63	141
63	143
63	145
63	146
63	148
63	150
63	152
63	154
63	156
63	157
63	159
63	160
63	161
63	162
63	164
63	165
63	167
63	168
63	169
63	170
63	172
63	173
63	174
63	176
63	177
63	178
63	179
63	181
63	183
63	184
63	186
63	187
63	188
63	190
63	191
63	192
63	193
63	196
63	197
63	198
64	67
64	71
64	72
64	74
64	75
64	77
64	83
64	84
64	86
64	90
64	95
64	98
64	100
64	103
64	106
64	110
64	111
64	120
64	122
64	133
64	135
64	137
64	141
64	143
64	144
64	145
64	146
64	150
64	156
64	164
64	165
64	167
64	170
64	173
64	178
64	183
64	186
64	188
64	190
64	191
64	196
64	197
65	66
65	68
65	73
65	79
65	82
65	84
65	87
65	88
65	89
65	91
65	92
65	94
65	97
65	99
65	101
65	103
65	105
65	109
65	112
65	113
65	116
65	117
65	119
65	123
65	124
65	125
65	127
65	128
65	129
65	132
65	134
65	137
65	139
65	140
65	142
65	147
65	152
65	153
65	154
65	155
65	157
65	158
65	160
65	161
65	166
65	169
65	171
65	172
65	173
65	174
65	176
65	177
65	179
65	180
65	181
65	182
65	184
65	185
65	190
65	194
66	68
66	70
66	73
66	74
66	76
66	79
66	82
66	84
66	87
66	88
66	89
66	91
66	92
66	94
66	97
66	99
66	101
66	103
66	105
66	108
66	109
66	112
66	113
66	115
66	116
66	117
66	118
66	123
66	124
66	125
66	127
66	129
66	130
66	131
66	132
66	134
66	136
66	137
66	139
66	140
66	147
66	151
66	152
66	153
66	154
66	155
66	157
66	158
66	160
66	161
66	169
66	171
66	172
66	173
66	174
66	176
66	177
66	179
66	180
66	181
66	182
66	184
66	185
66	187
66	190
66	192
66	194
66	199
67	69
67	70
67	72
67	74
67	75
67	77
67	78
67	80
67	81
67	82
67	83
67	84
67	85
67	86
67	88
67	90
67	92
67	93
67	94
67	95
67	96
67	97
67	100
67	102
67	103
67	104
67	105
67	107
67	108
67	110
67	111
67	113
67	115
67	118
67	126
67	130
67	132
67	133
67	135
67	136
67	137
67	138
67	139
67	140
67	143
67	144
67	145
67	146
67	148
67	156
67	157
67	159
67	162
67	163
67	164
67	167
67	168
67	169
67	170
67	173
67	175
67	176
67	178
67	186
67	187
67	188
67	189
67	191
67	192
67	193
67	195
67	197
67	198
68	73
68	76
68	79
68	82
68	87
68	89
68	91
68	97
68	99
68	101
68	109
68	112
68	116
68	117
68	124
68	125
68	127
68	131
68	134
68	139
68	147
68	151
68	152
68	155
68	157
68	158
68	161
68	171
68	172
68	174
68	180
68	182
68	185
68	194
68	199
69	70
69	72
69	74
69	75
69	77
69	78
69	80
69	81
69	83
69	85
69	86
69	88
69	90
69	93
69	95
69	96
69	100
69	102
69	103
69	104
69	105
69	107
69	108
69	111
69	113
69	115
69	118
69	126
69	130
69	135
69	136
69	137
69	138
69	139
69	140
69	143
69	145
69	146
69	148
69	156
69	159
69	162
69	163
69	164
69	167
69	168
69	169
69	170
69	173
69	175
69	176
69	186
69	187
69	188
69	189
69	192
69	193
69	195
69	197
69	198
70	73
70	76
70	78
70	79
70	80
70	81
70	82
70	85
70	88
70	91
70	92
70	96
70	97
70	99
70	102
70	104
70	105
70	107
70	108
70	109
70	112
70	113
70	115
70	116
70	117
70	118
70	124
70	125
70	127
70	130
70	131
70	132
70	134
70	136
70	138
70	139
70	140
70	148
70	151
70	152
70	155
70	157
70	158
70	159
70	163
70	167
70	168
70	169
70	171
70	174
70	175
70	176
70	182
70	185
70	187
70	188
70	189
70	192
70	193
70	194
70	195
70	198
70	199
71	72
71	74
71	75
71	77
71	83
71	84
71	90
71	92
71	94
71	95
71	97
71	98
71	100
71	103
71	105
71	106
71	110
71	111
71	114
71	119
71	120
71	121
71	122
71	123
71	125
71	128
71	129
71	130
71	132
71	133
71	135
71	137
71	140
71	141
71	142
71	143
71	144
71	145
71	146
71	148
71	149
71	150
71	152
71	153
71	154
71	156
71	157
71	160
71	161
71	164
71	165
71	166
71	169
71	170
71	173
71	174
71	177
71	178
71	179
71	181
71	183
71	184
71	186
71	190
71	191
71	196
71	197
72	74
72	75
72	77
72	83
72	86
72	90
72	93
72	95
72	98
72	100
72	103
72	110
72	111
72	122
72	126
72	133
72	135
72	143
72	144
72	145
72	146
72	148
72	156
72	162
72	164
72	165
72	167
72	168
72	170
72	173
72	178
72	186
72	188
72	191
72	196
72	197
72	198
73	74
73	76
73	77
73	78
73	79
73	80
73	81
73	82
73	85
73	87
73	88
73	89
73	91
73	92
73	94
73	96
73	97
73	99
73	101
73	102
73	103
73	104
73	105
73	107
73	108
73	109
73	112
73	113
73	115
73	116
73	117
73	118
73	124
73	125
73	127
73	130
73	131
73	132
73	134
73	136
73	137
73	138
73	139
73	140
73	147
73	148
73	151
73	152
73	155
73	157
73	158
73	159
73	161
73	168
73	169
73	171
73	172
73	173
73	174
73	176
73	179
73	180
73	182
73	185
73	187
73	189
73	192
73	193
73	194
73	195
73	198
73	199
74	75
74	77
74	78
74	81
74	82
74	83
74	84
74	86
74	88
74	90
74	92
74	93
74	94
74	95
74	97
74	98
74	99
74	100
74	103
74	105
74	106
74	108
74	110
74	111
74	113
74	114
74	115
74	116
74	118
74	119
74	120
74	122
74	123
74	125
74	126
74	128
74	129
74	130
74	132
74	133
74	134
74	135
74	136
74	137
74	139
74	140
74	141
74	143
74	145
74	146
74	148
74	150
74	152
74	154
74	156
74	157
74	159
74	160
74	161
74	162
74	164
74	165
74	167
74	168
74	169
74	170
74	172
74	173
74	174
74	176
74	177
74	178
74	179
74	181
74	183
74	184
74	186
74	187
74	188
74	190
74	191
74	192
74	193
74	196
74	197
74	198
75	77
75	81
75	83
75	84
75	86
75	90
75	92
75	94
75	95
75	98
75	100
75	103
75	105
75	106
75	110
75	111
75	114
75	119
75	120
75	122
75	126
75	128
75	130
75	132
75	133
75	135
75	137
75	140
75	141
75	143
75	144
75	145
75	146
75	148
75	150
75	156
75	160
75	164
75	165
75	167
75	168
75	169
75	170
75	173
75	178
75	179
75	183
75	186
75	187
75	188
75	190
75	191
75	196
75	197
75	198
76	78
76	79
76	80
76	81
76	82
76	85
76	87
76	88
76	89
76	91
76	92
76	96
76	97
76	99
76	102
76	104
76	105
76	107
76	108
76	109
76	112
76	113
76	115
76	116
76	117
76	118
76	124
76	125
76	127
76	130
76	131
76	132
76	134
76	136
76	138
76	139
76	140
76	147
76	148
76	151
76	152
76	155
76	157
76	158
76	159
76	161
76	169
76	171
76	172
76	174
76	176
76	180
76	182
76	185
76	187
76	189
76	192
76	193
76	194
76	195
76	199
77	78
77	81
77	82
77	83
77	84
77	86
77	88
77	90
77	92
77	93
77	94
77	95
77	97
77	98
77	99
77	100
77	103
77	105
77	106
77	108
77	110
77	111
77	113
77	114
77	115
77	118
77	119
77	120
77	122
77	123
77	125
77	126
77	128
77	129
77	130
77	132
77	133
77	135
77	136
77	137
77	139
77	140
77	141
77	143
77	144
77	145
77	146
77	148
77	150
77	152
77	154
77	156
77	157
77	160
77	161
77	162
77	164
77	165
77	167
77	168
77	169
77	170
77	172
77	173
77	174
77	176
77	177
77	178
77	179
77	181
77	183
77	184
77	186
77	187
77	188
77	190
77	191
77	192
77	193
77	196
77	197
77	198
78	80
78	81
78	82
78	83
78	85
78	86
78	88
78	92
78	93
78	94
78	96
78	97
78	100
78	102
78	103
78	104
78	105
78	107
78	108
78	112
78	113
78	115
78	116
78	118
78	124
78	125
78	126
78	127
78	130
78	131
78	132
78	134
78	136
78	137
78	138
78	139
78	140
78	148
78	151
78	152
78	155
78	157
78	159
78	162
78	163
78	167
78	168
78	169
78	170
78	173
78	174
78	175
78	176
78	182
78	185
78	187
78	188
78	189
78	192
78	193
78	194
78	195
78	198
78	199
79	82
79	87
79	88
79	89
79	91
79	92
79	94
79	97
79	99
79	101
79	105
79	108
79	109
79	112
79	113
79	115
79	116
79	117
79	118
79	123
79	124
79	125
79	127
79	129
79	130
79	131
79	132
79	134
79	136
79	137
79	139
79	140
79	147
79	151
79	152
79	154
79	155
79	157
79	158
79	161
79	169
79	171
79	172
79	174
79	176
79	177
79	179
79	180
79	182
79	184
79	185
79	187
79	192
79	194
79	199
80	81
80	82
80	85
80	86
80	88
80	93
80	96
80	97
80	102
80	104
80	105
80	107
80	108
80	113
80	115
80	116
80	118
80	124
80	126
80	127
80	130
80	131
80	132
80	134
80	136
80	138
80	139
80	140
80	148
80	151
80	157
80	159
80	162
80	163
80	167
80	168
80	169
80	175
80	176
80	187
80	188
80	189
80	192
80	193
80	195
80	198
80	199
81	82
81	83
81	84
81	85
81	86
81	88
81	92
81	93
81	94
81	95
81	96
81	97
81	99
81	100
81	102
81	103
81	104
81	105
81	107
81	108
81	110
81	111
81	113
81	115
81	116
81	118
81	124
81	125
81	126
81	127
81	130
81	131
81	132
81	134
81	135
81	136
81	137
81	138
81	139
81	140
81	146
81	148
81	151
81	152
81	157
81	159
81	161
81	162
81	163
81	164
81	167
81	168
81	169
81	170
81	173
81	174
81	175
81	176
81	187
81	188
81	189
81	190
81	192
81	193
81	195
81	197
81	198
81	199
82	84
82	85
82	87
82	88
82	89
82	91
82	92
82	94
82	96
82	97
82	99
82	100
82	101
82	102
82	103
82	104
82	105
82	108
82	109
82	112
82	113
82	115
82	116
82	117
82	118
82	124
82	125
82	127
82	130
82	131
82	132
82	134
82	136
82	137
82	138
82	139
82	140
82	147
82	148
82	151
82	152
82	155
82	157
82	158
82	159
82	161
82	168
82	169
82	170
82	171
82	172
82	173
82	174
82	176
82	179
82	180
82	182
82	185
82	187
82	189
82	190
82	192
82	193
82	194
82	195
82	198
82	199
83	84
83	86
83	88
83	90
83	92
83	93
83	94
83	95
83	98
83	100
83	103
83	105
83	108
83	110
83	111
83	113
83	115
83	118
83	120
83	122
83	126
83	130
83	132
83	133
83	135
83	136
83	137
83	140
83	141
83	143
83	144
83	145
83	146
83	148
83	156
83	157
83	159
83	160
83	162
83	163
83	164
83	165
83	167
83	168
83	169
83	170
83	173
83	175
83	176
83	178
83	183
83	186
83	187
83	188
83	190
83	191
83	192
83	193
83	196
83	197
83	198
84	88
84	89
84	90
84	92
84	94
84	95
84	97
84	98
84	99
84	100
84	101
84	103
84	105
84	106
84	108
84	110
84	111
84	113
84	114
84	118
84	119
84	120
84	121
84	122
84	123
84	125
84	128
84	129
84	130
84	132
84	135
84	137
84	139
84	140
84	141
84	142
84	145
84	146
84	148
84	149
84	150
84	152
84	153
84	154
84	157
84	160
84	161
84	164
84	165
84	166
84	169
84	170
84	172
84	173
84	174
84	176
84	177
84	178
84	179
84	180
84	181
84	183
84	184
84	187
84	190
84	191
84	192
84	196
84	197
85	86
85	88
85	93
85	96
85	102
85	104
85	105
85	107
85	108
85	113
85	115
85	118
85	124
85	126
85	127
85	130
85	131
85	134
85	136
85	138
85	139
85	140
85	148
85	151
85	157
85	159
85	162
85	163
85	167
85	168
85	169
85	175
85	176
85	187
85	188
85	189
85	192
85	193
85	195
85	198
85	199
86	88
86	90
86	93
86	95
86	96
86	98
86	100
86	102
86	103
86	104
86	105
86	108
86	110
86	111
86	113
86	115
86	118
86	126
86	130
86	133
86	135
86	136
86	137
86	138
86	140
86	143
86	144
86	145
86	146
86	148
86	156
86	159
86	162
86	163
86	164
86	165
86	167
86	168
86	169
86	170
86	173
86	175
86	176
86	178
86	186
86	187
86	188
86	191
86	192
86	193
86	197
86	198
87	89
87	91
87	97
87	99
87	101
87	109
87	112
87	116
87	117
87	124
87	125
87	127
87	131
87	134
87	139
87	147
87	151
87	152
87	155
87	158
87	171
87	172
87	174
87	180
87	182
87	185
87	194
87	199
88	89
88	92
88	93
88	94
88	96
88	97
88	99
88	100
88	102
88	103
88	104
88	105
88	107
88	108
88	110
88	112
88	113
88	115
88	116
88	118
88	124
88	125
88	126
88	127
88	130
88	131
88	132
88	134
88	135
88	136
88	137
88	138
88	139
88	140
88	146
88	147
88	148
88	151
88	152
88	155
88	157
88	159
88	160
88	161
88	162
88	163
88	167
88	168
88	169
88	170
88	172
88	173
88	174
88	175
88	176
88	179
88	180
88	182
88	185
88	187
88	188
88	189
88	190
88	192
88	193
88	194
88	195
88	197
88	198
88	199
89	91
89	92
89	94
89	97
89	99
89	101
89	103
89	105
89	108
89	109
89	112
89	113
89	115
89	116
89	117
89	118
89	123
89	124
89	125
89	127
89	129
89	130
89	131
89	132
89	134
89	137
89	139
89	140
89	147
89	151
89	152
89	153
89	154
89	155
89	157
89	158
89	160
89	161
89	169
89	171
89	172
89	173
89	174
89	176
89	177
89	179
89	180
89	181
89	182
89	184
89	185
89	190
89	192
89	194
89	199
90	93
90	95
90	98
90	100
90	103
90	110
90	111
90	120
90	122
90	126
90	133
90	135
90	137
90	141
90	143
90	144
90	145
90	146
90	148
90	150
90	156
90	164
90	165
90	167
90	168
90	170
90	173
90	178
90	183
90	186
90	188
90	190
90	191
90	196
90	197
91	97
91	99
91	101
91	109
91	112
91	113
91	115
91	116
91	117
91	124
91	125
91	127
91	131
91	132
91	134
91	139
91	147
91	151
91	152
91	155
91	157
91	158
91	161
91	171
91	172
91	174
91	176
91	180
91	182
91	185
91	194
91	199
92	94
92	95
92	97
92	99
92	100
92	101
92	103
92	105
92	106
92	108
92	110
92	111
92	113
92	114
92	115
92	116
92	118
92	119
92	120
92	121
92	122
92	123
92	124
92	125
92	127
92	128
92	129
92	130
92	132
92	134
92	135
92	136
92	137
92	139
92	140
92	141
92	142
92	146
92	147
92	148
92	149
92	150
92	152
92	153
92	154
92	155
92	157
92	160
92	161
92	164
92	166
92	167
92	168
92	169
92	170
92	172
92	173
92	174
92	176
92	177
92	179
92	180
92	181
92	182
92	183
92	184
92	185
92	187
92	188
92	190
92	192
92	193
92	194
92	196
92	197
92	198
93	95
93	96
93	100
93	102
93	104
93	105
93	107
93	108
93	111
93	113
93	115
93	118
93	126
93	130
93	135
93	136
93	138
93	143
93	145
93	146
93	148
93	156
93	159
93	162
93	163
93	164
93	167
93	168
93	169
93	170
93	173
93	175
93	176
93	186
93	187
93	188
93	189
93	192
93	193
93	195
93	197
93	198
94	95
94	97
94	99
94	100
94	101
94	103
94	105
94	106
94	108
94	110
94	111
94	113
94	114
94	115
94	116
94	118
94	119
94	120
94	121
94	122
94	123
94	124
94	125
94	127
94	128
94	129
94	130
94	132
94	134
94	135
94	136
94	137
94	139
94	140
94	141
94	142
94	146
94	147
94	148
94	149
94	150
94	152
94	153
94	154
94	155
94	157
94	160
94	161
94	164
94	165
94	166
94	167
94	168
94	169
94	170
94	172
94	173
94	174
94	176
94	177
94	179
94	180
94	181
94	182
94	183
94	184
94	185
94	187
94	188
94	190
94	191
94	192
94	196
94	197
94	198
95	98
95	100
95	103
95	105
95	110
95	111
95	120
95	122
95	126
95	130
95	133
95	135
95	137
95	140
95	141
95	143
95	144
95	145
95	146
95	148
95	150
95	156
95	160
95	162
95	164
95	165
95	167
95	168
95	169
95	170
95	173
95	178
95	183
95	186
95	187
95	188
95	190
95	191
95	196
95	197
95	198
96	102
96	104
96	105
96	107
96	108
96	113
96	115
96	118
96	124
96	126
96	127
96	130
96	131
96	134
96	136
96	138
96	139
96	140
96	148
96	151
96	159
96	162
96	163
96	167
96	168
96	169
96	175
96	176
96	187
96	188
96	189
96	192
96	193
96	195
96	198
96	199
97	99
97	100
97	101
97	103
97	105
97	108
97	109
97	110
97	112
97	113
97	115
97	116
97	117
97	118
97	119
97	123
97	124
97	125
97	127
97	128
97	129
97	130
97	131
97	132
97	134
97	136
97	137
97	139
97	140
97	141
97	146
97	147
97	148
97	151
97	152
97	153
97	154
97	155
97	157
97	158
97	160
97	161
97	168
97	169
97	170
97	171
97	172
97	173
97	174
97	176
97	177
97	179
97	180
97	181
97	182
97	184
97	185
97	187
97	189
97	190
97	192
97	193
97	194
97	198
97	199
98	100
98	103
98	110
98	111
98	120
98	122
98	133
98	135
98	141
98	143
98	144
98	145
98	146
98	150
98	156
98	164
98	165
98	167
98	170
98	173
98	178
98	183
98	186
98	191
98	196
98	197
99	101
99	103
99	105
99	108
99	109
99	112
99	113
99	115
99	116
99	117
99	118
99	119
99	123
99	124
99	125
99	127
99	128
99	129
99	130
99	131
99	132
99	134
99	136
99	137
99	139
99	140
99	147
99	151
99	152
99	153
99	154
99	155
99	157
99	158
99	160
99	161
99	169
99	170
99	171
99	172
99	173
99	174
99	176
99	177
99	179
99	180
99	181
99	182
99	184
99	185
99	187
99	190
99	192
99	194
99	199
100	103
100	105
100	106
100	108
100	110
100	111
100	113
100	114
100	115
100	118
100	119
100	120
100	122
100	123
100	125
100	126
100	128
100	129
100	130
100	132
100	133
100	135
100	136
100	137
100	139
100	140
100	141
100	143
100	144
100	145
100	146
100	148
100	150
100	152
100	154
100	156
100	157
100	160
100	161
100	162
100	164
100	165
100	167
100	168
100	169
100	170
100	173
100	174
100	176
100	177
100	178
100	179
100	181
100	183
100	184
100	186
100	187
100	188
100	190
100	191
100	192
100	193
100	196
100	197
100	198
101	103
101	105
101	109
101	112
101	113
101	116
101	117
101	119
101	123
101	124
101	125
101	127
101	128
101	129
101	132
101	134
101	137
101	139
101	140
101	142
101	147
101	152
101	153
101	154
101	155
101	157
101	158
101	160
101	161
101	166
101	169
101	171
101	172
101	174
101	176
101	177
101	179
101	180
101	181
101	182
101	184
101	185
101	190
101	194
102	104
102	105
102	107
102	108
102	113
102	115
102	118
102	124
102	126
102	127
102	130
102	131
102	132
102	134
102	136
102	138
102	139
102	140
102	148
102	151
102	157
102	159
102	162
102	163
102	167
102	168
102	169
102	175
102	176
102	187
102	188
102	189
102	192
102	193
102	195
102	198
102	199
103	105
103	106
103	108
103	110
103	111
103	113
103	114
103	115
103	116
103	118
103	119
103	120
103	121
103	122
103	123
103	125
103	128
103	129
103	130
103	132
103	133
103	134
103	135
103	136
103	137
103	139
103	140
103	141
103	142
103	145
103	146
103	148
103	149
103	150
103	152
103	153
103	154
103	155
103	156
103	157
103	160
103	161
103	164
103	165
103	167
103	168
103	169
103	170
103	172
103	173
103	174
103	176
103	177
103	178
103	179
103	180
103	181
103	183
103	184
103	186
103	187
103	188
103	190
103	191
103	192
103	193
103	196
103	197
103	198
104	105
104	107
104	108
104	113
104	115
104	118
104	124
104	126
104	127
104	130
104	131
104	134
104	136
104	138
104	139
104	140
104	148
104	151
104	159
104	162
104	163
104	167
104	168
104	169
104	175
104	176
104	187
104	188
104	189
104	192
104	193
104	195
104	198
104	199
105	107
105	108
105	110
105	112
105	113
105	115
105	116
105	118
105	124
105	125
105	127
105	130
105	131
105	132
105	134
105	135
105	136
105	137
105	138
105	139
105	140
105	141
105	146
105	147
105	148
105	151
105	152
105	154
105	155
105	157
105	159
105	160
105	161
105	163
105	167
105	168
105	169
105	170
105	172
105	173
105	174
105	175
105	176
105	177
105	179
105	180
105	182
105	185
105	187
105	188
105	189
105	190
105	192
105	193
105	194
105	195
105	197
105	198
105	199
106	110
106	111
106	114
106	119
106	120
106	121
106	122
106	123
106	128
106	129
106	135
106	137
106	141
106	142
106	146
106	149
106	150
106	153
106	154
106	160
106	161
106	165
106	166
106	170
106	173
106	177
106	178
106	179
106	181
106	183
106	184
106	190
106	191
106	196
107	108
107	113
107	115
107	118
107	126
107	130
107	131
107	136
107	138
107	139
107	148
107	151
107	159
107	162
107	163
107	167
107	168
107	175
107	176
107	187
107	188
107	189
107	192
107	193
107	195
107	198
107	199
108	112
108	113
108	115
108	116
108	118
108	124
108	125
108	126
108	127
108	130
108	131
108	132
108	134
108	135
108	136
108	137
108	138
108	139
108	140
108	146
108	148
108	151
108	152
108	155
108	157
108	159
108	161
108	162
108	163
108	167
108	168
108	169
108	170
108	172
108	173
108	174
108	175
108	176
108	179
108	180
108	182
108	185
108	187
108	188
108	189
108	190
108	192
108	193
108	194
108	195
108	197
108	198
108	199
109	112
109	113
109	116
109	117
109	124
109	125
109	127
109	131
109	134
109	139
109	147
109	151
109	152
109	155
109	158
109	171
109	172
109	174
109	180
109	182
109	185
109	194
109	199
110	111
110	114
110	119
110	120
110	121
110	122
110	123
110	125
110	128
110	129
110	130
110	132
110	133
110	135
110	137
110	140
110	141
110	142
110	143
110	144
110	145
110	146
110	148
110	149
110	150
110	152
110	153
110	154
110	156
110	157
110	160
110	161
110	164
110	165
110	166
110	167
110	169
110	170
110	173
110	174
110	176
110	177
110	178
110	179
110	181
110	183
110	184
110	186
110	187
110	190
110	191
110	196
110	197
111	120
111	122
111	126
111	130
111	133
111	135
111	137
111	141
111	143
111	144
111	145
111	146
111	148
111	150
111	156
111	160
111	164
111	165
111	167
111	168
111	170
111	173
111	178
111	183
111	186
111	188
111	190
111	191
111	196
111	197
111	198
112	113
112	115
112	116
112	117
112	118
112	124
112	125
112	127
112	131
112	132
112	134
112	136
112	139
112	140
112	147
112	151
112	152
112	155
112	157
112	158
112	161
112	169
112	171
112	172
112	174
112	176
112	180
112	182
112	185
112	187
112	189
112	192
112	194
112	195
112	199
113	115
113	116
113	117
113	118
113	124
113	125
113	127
113	130
113	131
113	132
113	134
113	136
113	137
113	138
113	139
113	140
113	146
113	147
113	148
113	151
113	152
113	155
113	157
113	158
113	159
113	160
113	161
113	163
113	167
113	168
113	169
113	170
113	171
113	172
113	173
113	174
113	175
113	176
113	179
113	180
113	182
113	185
113	187
113	188
113	189
113	190
113	192
113	193
113	194
113	195
113	198
113	199
114	119
114	120
114	121
114	122
114	123
114	125
114	128
114	129
114	137
114	141
114	142
114	146
114	149
114	150
114	153
114	154
114	160
114	161
114	165
114	166
114	170
114	173
114	174
114	177
114	179
114	181
114	183
114	184
114	190
114	191
114	196
115	116
115	117
115	118
115	124
115	125
115	127
115	130
115	131
115	132
115	134
115	136
115	137
115	138
115	139
115	140
115	147
115	148
115	151
115	152
115	155
115	157
115	159
115	161
115	162
115	163
115	167
115	168
115	169
115	170
115	171
115	172
115	173
115	174
115	175
115	176
115	179
115	180
115	182
115	185
115	187
115	188
115	189
115	192
115	193
115	194
115	195
115	198
115	199
116	117
116	118
116	124
116	125
116	127
116	129
116	130
116	131
116	132
116	134
116	136
116	137
116	139
116	140
116	147
116	148
116	151
116	152
116	155
116	157
116	158
116	161
116	169
116	171
116	172
116	173
116	174
116	176
116	177
116	179
116	180
116	182
116	185
116	187
116	189
116	192
116	194
116	199
117	124
117	125
117	127
117	131
117	132
117	134
117	139
117	147
117	151
117	152
117	155
117	157
117	158
117	161
117	171
117	172
117	174
117	176
117	180
117	182
117	185
117	194
117	199
118	124
118	125
118	126
118	127
118	130
118	131
118	132
118	134
118	136
118	137
118	138
118	139
118	140
118	146
118	147
118	148
118	151
118	152
118	155
118	157
118	159
118	161
118	162
118	163
118	167
118	168
118	169
118	170
118	171
118	172
118	173
118	174
118	175
118	176
118	179
118	180
118	182
118	185
118	187
118	188
118	189
118	190
118	192
118	193
118	194
118	195
118	198
118	199
119	120
119	121
119	122
119	123
119	125
119	128
119	129
119	132
119	137
119	141
119	142
119	146
119	149
119	150
119	152
119	153
119	154
119	157
119	160
119	161
119	165
119	166
119	170
119	172
119	173
119	174
119	177
119	179
119	181
119	183
119	184
119	190
119	196
120	121
120	122
120	123
120	128
120	129
120	133
120	135
120	137
120	141
120	142
120	145
120	146
120	149
120	150
120	153
120	154
120	160
120	164
120	165
120	166
120	170
120	173
120	177
120	178
120	179
120	181
120	183
120	184
120	190
120	191
120	196
120	197
121	122
121	123
121	128
121	129
121	137
121	141
121	142
121	149
121	150
121	153
121	154
121	160
121	161
121	166
121	177
121	179
121	181
121	183
121	184
121	190
121	196
122	123
122	128
122	129
122	133
122	135
122	137
122	141
122	142
122	143
122	144
122	145
122	146
122	149
122	150
122	153
122	154
122	156
122	160
122	164
122	165
122	166
122	170
122	173
122	177
122	178
122	179
122	181
122	183
122	184
122	186
122	190
122	191
122	196
122	197
123	125
123	128
123	129
123	132
123	137
123	140
123	141
123	142
123	147
123	149
123	150
123	152
123	153
123	154
123	157
123	160
123	161
123	166
123	169
123	170
123	172
123	173
123	174
123	177
123	179
123	180
123	181
123	183
123	184
123	190
123	196
124	125
124	127
124	130
124	131
124	132
124	134
124	136
124	137
124	138
124	139
124	140
124	147
124	148
124	151
124	152
124	155
124	157
124	158
124	159
124	161
124	169
124	171
124	172
124	174
124	176
124	179
124	180
124	182
124	185
124	187
124	189
124	192
124	193
124	194
124	195
124	199
125	127
125	128
125	129
125	130
125	131
125	132
125	134
125	136
125	137
125	139
125	140
125	141
125	142
125	146
125	147
125	148
125	150
125	151
125	152
125	153
125	154
125	155
125	157
125	158
125	160
125	161
125	169
125	170
125	171
125	172
125	173
125	174
125	176
125	177
125	179
125	180
125	181
125	182
125	183
125	184
125	185
125	187
125	190
125	192
125	194
125	199
126	130
126	135
126	136
126	138
126	143
126	145
126	146
126	148
126	156
126	159
126	162
126	163
126	164
126	167
126	168
126	170
126	173
126	175
126	186
126	187
126	188
126	192
126	193
126	195
126	197
126	198
127	130
127	131
127	132
127	134
127	136
127	137
127	138
127	139
127	140
127	147
127	148
127	151
127	152
127	155
127	157
127	158
127	159
127	161
127	169
127	171
127	172
127	174
127	176
127	179
127	180
127	182
127	185
127	187
127	189
127	192
127	193
127	194
127	195
127	199
128	129
128	132
128	135
128	137
128	140
128	141
128	142
128	146
128	149
128	150
128	152
128	153
128	154
128	157
128	160
128	161
128	165
128	166
128	169
128	170
128	172
128	173
128	174
128	177
128	179
128	181
128	183
128	184
128	190
128	191
128	196
129	132
129	137
129	140
129	141
129	142
129	147
129	149
129	150
129	152
129	153
129	154
129	155
129	157
129	160
129	161
129	166
129	169
129	170
129	172
129	173
129	174
129	177
129	179
129	180
129	181
129	182
129	183
129	184
129	190
129	196
130	131
130	132
130	134
130	135
130	136
130	137
130	138
130	139
130	140
130	141
130	146
130	148
130	151
130	152
130	155
130	157
130	159
130	160
130	161
130	162
130	163
130	164
130	167
130	168
130	169
130	170
130	172
130	173
130	174
130	175
130	176
130	179
130	180
130	182
130	185
130	187
130	188
130	189
130	190
130	192
130	193
130	195
130	197
130	198
130	199
131	132
131	134
131	136
131	138
131	139
131	140
131	147
131	148
131	151
131	152
131	155
131	157
131	158
131	159
131	163
131	169
131	171
131	172
131	174
131	176
131	180
131	182
131	185
131	187
131	189
131	192
131	193
131	194
131	195
131	198
131	199
132	134
132	135
132	136
132	137
132	138
132	139
132	140
132	141
132	146
132	147
132	148
132	150
132	151
132	152
132	153
132	154
132	155
132	157
132	159
132	160
132	161
132	167
132	168
132	169
132	170
132	171
132	172
132	173
132	174
132	176
132	177
132	179
132	180
132	181
132	182
132	183
132	184
132	185
132	187
132	188
132	189
132	190
132	192
132	193
132	194
132	195
132	197
132	198
132	199
133	135
133	141
133	143
133	144
133	145
133	146
133	156
133	164
133	165
133	167
133	170
133	173
133	178
133	183
133	186
133	191
133	196
133	197
134	136
134	137
134	138
134	139
134	140
134	147
134	148
134	151
134	152
134	155
134	157
134	158
134	159
134	161
134	169
134	171
134	172
134	173
134	174
134	176
134	179
134	180
134	182
134	185
134	187
134	189
134	192
134	193
134	194
134	195
134	199
135	137
135	140
135	141
135	143
135	144
135	145
135	146
135	148
135	150
135	156
135	157
135	160
135	162
135	164
135	165
135	167
135	168
135	169
135	170
135	173
135	178
135	183
135	186
135	187
135	188
135	190
135	191
135	196
135	197
135	198
136	137
136	138
136	139
136	140
136	148
136	151
136	152
136	155
136	157
136	159
136	162
136	163
136	167
136	168
136	169
136	170
136	173
136	174
136	175
136	176
136	182
136	185
136	187
136	188
136	189
136	192
136	193
136	194
136	195
136	198
136	199
137	139
137	140
137	141
137	142
137	145
137	146
137	148
137	149
137	150
137	152
137	153
137	154
137	155
137	157
137	160
137	161
137	164
137	165
137	167
137	168
137	169
137	170
137	172
137	173
137	174
137	176
137	177
137	178
137	179
137	180
137	181
137	182
137	183
137	184
137	187
137	188
137	190
137	191
137	192
137	193
137	196
137	197
137	198
138	139
138	140
138	148
138	151
138	157
138	159
138	162
138	163
138	167
138	168
138	169
138	175
138	176
138	187
138	188
138	189
138	192
138	193
138	195
138	198
138	199
139	140
139	147
139	148
139	151
139	152
139	155
139	157
139	158
139	159
139	161
139	163
139	167
139	168
139	169
139	170
139	171
139	172
139	173
139	174
139	175
139	176
139	179
139	180
139	182
139	185
139	187
139	188
139	189
139	190
139	192
139	193
139	194
139	195
139	198
139	199
140	141
140	146
140	147
140	148
140	151
140	152
140	154
140	155
140	157
140	159
140	160
140	161
140	167
140	168
140	169
140	170
140	172
140	173
140	174
140	176
140	177
140	179
140	180
140	181
140	182
140	183
140	184
140	185
140	187
140	188
140	189
140	190
140	192
140	193
140	194
140	195
140	197
140	198
140	199
141	142
141	145
141	146
141	149
141	150
141	152
141	153
141	154
141	157
141	160
141	161
141	164
141	165
141	166
141	169
141	170
141	172
141	173
141	174
141	177
141	178
141	179
141	181
141	183
141	184
141	190
141	191
141	196
141	197
142	146
142	149
142	150
142	153
142	154
142	160
142	161
142	165
142	166
142	170
142	173
142	174
142	177
142	179
142	181
142	183
142	184
142	190
142	196
143	144
143	145
143	146
143	156
143	164
143	165
143	167
143	170
143	178
143	186
143	188
143	191
143	197
144	145
144	146
144	156
144	164
144	165
144	167
144	170
144	178
144	186
144	188
144	191
144	196
144	197
145	146
145	148
145	150
145	156
145	164
145	165
145	167
145	168
145	170
145	173
145	178
145	183
145	186
145	188
145	190
145	191
145	196
145	197
146	148
146	150
146	152
146	154
146	156
146	157
146	160
146	161
146	164
146	165
146	167
146	168
146	169
146	170
146	173
146	176
146	177
146	178
146	179
146	183
146	186
146	187
146	188
146	190
146	191
146	196
146	197
146	198
147	151
147	152
147	154
147	155
147	157
147	158
147	161
147	169
147	171
147	172
147	174
147	176
147	177
147	179
147	180
147	182
147	184
147	185
147	192
147	194
147	199
148	152
148	156
148	157
148	159
148	160
148	161
148	162
148	163
148	164
148	167
148	168
148	169
148	170
148	173
148	174
148	175
148	176
148	179
148	186
148	187
148	188
148	189
148	190
148	191
148	192
148	193
148	195
148	197
148	198
148	199
149	150
149	153
149	154
149	160
149	161
149	166
149	177
149	179
149	181
149	183
149	184
149	190
149	196
150	152
150	153
150	154
150	160
150	161
150	164
150	165
150	166
150	170
150	173
150	174
150	177
150	178
150	179
150	181
150	183
150	184
150	190
150	191
150	196
150	197
151	152
151	155
151	157
151	158
151	159
151	161
151	169
151	171
151	172
151	174
151	176
151	180
151	182
151	185
151	187
151	189
151	192
151	193
151	194
151	195
151	199
152	153
152	154
152	155
152	157
152	158
152	160
152	161
152	168
152	169
152	170
152	171
152	172
152	173
152	174
152	176
152	177
152	179
152	180
152	181
152	182
152	184
152	185
152	187
152	189
152	190
152	192
152	194
152	198
152	199
153	154
153	157
153	160
153	161
153	166
153	170
153	172
153	173
153	174
153	177
153	179
153	180
153	181
153	183
153	184
153	190
153	196
154	155
154	157
154	160
154	161
154	166
154	169
154	170
154	172
154	173
154	174
154	177
154	179
154	180
154	181
154	183
154	184
154	190
154	196
155	157
155	158
155	161
155	169
155	171
155	172
155	174
155	176
155	177
155	179
155	180
155	182
155	184
155	185
155	187
155	189
155	192
155	194
155	199
156	162
156	164
156	165
156	167
156	168
156	170
156	173
156	178
156	186
156	188
156	191
156	197
156	198
157	159
157	160
157	161
157	167
157	168
157	169
157	170
157	171
157	172
157	173
157	174
157	176
157	177
157	179
157	180
157	181
157	182
157	184
157	185
157	187
157	188
157	189
157	190
157	192
157	193
157	194
157	195
157	197
157	198
157	199
158	171
158	172
158	174
158	180
158	182
158	185
158	194
158	199
159	162
159	163
159	167
159	168
159	169
159	175
159	176
159	187
159	188
159	189
159	192
159	193
159	195
159	198
159	199
160	161
160	164
160	165
160	166
160	169
160	170
160	172
160	173
160	174
160	176
160	177
160	178
160	179
160	180
160	181
160	183
160	184
160	187
160	190
160	191
160	196
160	197
161	166
161	169
161	170
161	172
161	173
161	174
161	176
161	177
161	179
161	180
161	181
161	182
161	183
161	184
161	185
161	187
161	190
161	192
161	194
161	199
162	163
162	167
162	168
162	175
162	186
162	187
162	188
162	189
162	192
162	193
162	195
162	197
162	198
163	167
163	168
163	175
163	176
163	187
163	188
163	189
163	192
163	193
163	195
163	198
164	165
164	167
164	168
164	170
164	173
164	178
164	183
164	186
164	188
164	190
164	191
164	196
164	197
164	198
165	167
165	170
165	173
165	178
165	183
165	186
165	190
165	191
165	196
165	197
166	177
166	179
166	181
166	183
166	184
166	190
166	196
167	168
167	169
167	170
167	173
167	175
167	176
167	178
167	186
167	187
167	188
167	189
167	191
167	192
167	193
167	195
167	197
167	198
168	169
168	170
168	173
168	175
168	176
168	186
168	187
168	188
168	189
168	192
168	193
168	195
168	197
168	198
169	170
169	172
169	173
169	174
169	175
169	176
169	177
169	179
169	180
169	182
169	184
169	185
169	187
169	188
169	189
169	190
169	192
169	193
169	194
169	195
169	197
169	198
169	199
170	172
170	173
170	174
170	176
170	177
170	178
170	179
170	181
170	183
170	184
170	186
170	187
170	188
170	190
170	191
170	192
170	193
170	196
170	197
170	198
171	172
171	174
171	176
171	180
171	182
171	185
171	192
171	194
171	199
172	173
172	174
172	176
172	177
172	179
172	180
172	181
172	182
172	184
172	185
172	187
172	190
172	192
172	194
172	199
173	174
173	176
173	177
173	178
173	179
173	181
173	183
173	184
173	186
173	187
173	188
173	190
173	191
173	192
173	193
173	196
173	197
173	198
174	176
174	177
174	179
174	180
174	181
174	182
174	184
174	185
174	187
174	190
174	192
174	194
174	199
175	176
175	187
175	188
175	189
175	192
175	193
175	195
175	198
176	179
176	180
176	182
176	185
176	187
176	188
176	189
176	190
176	192
176	193
176	194
176	195
176	198
176	199
177	179
177	180
177	181
177	182
177	183
177	184
177	190
177	196
178	183
178	186
178	188
178	190
178	191
178	196
178	197
179	180
179	181
179	182
179	183
179	184
179	185
179	187
179	190
179	192
179	196
180	181
180	182
180	184
180	185
180	190
180	192
180	194
180	199
181	183
181	184
181	190
181	196
182	184
182	185
182	187
182	189
182	192
182	194
182	199
183	184
183	190
183	191
183	196
183	197
184	190
184	196
185	187
185	189
185	192
185	194
185	199
186	188
186	191
186	197
186	198
187	188
187	189
187	190
187	192
187	193
187	194
187	195
187	197
187	198
187	199
188	189
188	191
188	192
188	193
188	195
188	197
188	198
189	192
189	193
189	194
189	195
189	198
189	199
190	191
190	196
190	197
191	196
191	197
192	193
192	194
192	195
192	198
192	199
193	195
193	198
193	199
194	199
195	198
195	199
196	197
197	198
198	199
