47 92
141.350 43.005
140.733 40.817
141.015 39.700
140.867 38.267
140.100 39.717
140.333 38.250
140.467 37.750
140.467 36.367
139.883 36.550
139.050 36.383
139.633 35.850
140.100 35.600
139.750 35.683
139.633 35.433
139.033 37.917
137.217 36.683
136.650 36.550
136.217 36.050
138.567 35.650
138.183 36.650
136.750 35.417
138.383 34.967
136.900 35.183
136.500 34.717
135.867 35.000
135.767 35.000
135.483 34.683
135.183 34.683
135.800 34.683
135.167 34.233
134.217 35.483
133.067 35.450
133.900 34.650
132.033 34.383
131.450 34.183
134.533 34.050
134.033 34.333
132.733 33.833
133.517 33.550
130.383 33.583
130.267 33.267
129.867 32.750
130.700 32.800
131.617 33.233
131.417 31.933
130.550 31.600
127.683 26.217
0 1
1 2
1 4
2 3
2 4
3 4
3 5
3 6
4 5
5 6
5 14
6 7
6 8
6 9
6 14
7 8
7 10
7 11
8 9
8 10
9 10
9 14
9 19
10 11
10 12
10 18
10 19
11 12
12 13
12 18
13 18
13 21
14 15
14 19
15 16
15 19
15 20
16 17
16 20
17 20
17 24
17 25
18 19
18 21
19 21
19 20
19 22
20 22
20 23
20 24
21 22
22 23
23 24
23 25
23 28
23 29
24 25
25 26
25 27
25 28
26 27
26 28
26 29
27 30
27 32
27 35
28 29
30 31
30 32
30 33
31 33
31 34
32 33
32 36
33 34
33 37
34 39
35 36
35 37
35 38
36 37
37 38
39 40
39 42
39 43
40 41
42 43
42 44
42 45
43 44
44 45
45 46
