48	107
90.32	33.50
90.17	40.600	
69	42.000	
95.15	30.217	
70.5	31.333	
92.5	36.967	
95.18	37.783	
93.18	42.500	
102.33	37.167	
85.52	33.583	
99.47	38.450	
63.25	42.000	
65.87	32.500	
85.37	37.000	
98.03	36.500	
108.22	40.967	
78	37.000	
102	32.667	
81.53	42.483	
99	30.517	
86.48	25.833	
98.38	35.000	
104.67	38.450	
106.12	38.917	
109.38	42.667	
77	31.333	
108.22	40.483	
66	35.000	
84.58	40.000	
104.5	34.000	
83.45	45.917	
104.78	36.517	
108.53	42.733	
100.2	24.500	
105.28	39.717	
111.05	41.177	
97.57	41.683	
91.88	30.217	
90.43	43.567	
90.9	36.000	
113.05	43.667	
104.33	37.883	
75.67	44.433	
71	37.000	
91	29.000	
108.87	41.300	
75.5	41.000	
63.05	45.533	
0	9
0	20
0	21
0	37
0	39
0	44
1	5
1	7
1	18
1	28
1	38
1	39
2	11
2	27
2	42
2	43
2	46
2	47
3	19
3	21
3	33
3	37
4	12
4	16
4	25
4	27
4	43
5	6
5	7
5	14
5	39
6	10
6	14
6	36
7	36
7	38
8	10
8	14
8	31
8	34
8	41
9	13
9	16
9	20
9	25
9	39
10	14
10	34
10	36
11	12
11	27
11	47
12	27
13	16
13	28
13	39
14	21
14	31
14	39
15	26
15	35
15	45
16	25
16	28
16	43
16	46
17	19
17	29
18	28
18	30
18	38
18	42
18	46
19	21
19	29
19	33
20	25
20	44
21	29
21	31
21	37
21	39
22	23
22	34
22	41
23	26
23	34
24	32
24	35
24	40
25	43
26	32
26	34
26	35
27	43
28	39
28	46
29	31
30	38
30	42
31	41
32	35
34	41
35	45
37	44
42	46
43	46
