set I :=1 2 3 4 5 6 7 8 9 10 11 12 13 14 15 16 17 18 19 20 21 22 23 24 25 26 27 28 29 30 31 32 33 34 35 36 37;
set J :=1 2 3 4 5 6;
set K :=1 2 3 4 5 6 7 8 9 10 11 12 13 14 15 16 17 18 19 20 21 22 23 24 25 26;
set N :=1;
set A :=1 2 3 4 5 6 7 8 9 10 11 12 13 14 15 16 17 18 19 20 21 22 23 24 ;
param M:=1000;
param d:1 2 3 4 5 6:=
1 1 0 0 0 0 0 
2 1 1 0 0 0 0 
3 1 0 0 0 0 0 
4 1 1 0 0 0 0 
5 1 0 0 0 0 0 
6 1 1 1 0 0 0 
7 1 1 1 0 0 0 
8 1 0 0 0 0 0 
9 1 0 0 0 0 0 
10 1 1 0 0 0 0
11 1 1 0 0 0 0 
12 1 1 1 0 0 0
13 1 1 1 1 0 0 
14 1 1 1 0 0 0
15 1 1 1 1 1 1 
16 1 1 0 0 0 0 
17 1 1 1 0 0 0 
18 1 1 0 0 0 0 
19 1 0 0 0 0 0 
20 1 1 1 1 0 0  
21 1 1 1 1 1 0
22 1 1 0 0 0 0 
23 1 1 1 0 0 0 
24 1 1 2 0 0 0
;
param u:1 2 3 4 5 6:=
1 508 1 1 1 1 1
2 470 521 1 1 1 1
3 523 1 1 1 1 1
4 476 525 1 1 1 1
5 436 1 1 1 1 1
6 526 533 534 1 1 1
7 379 400 536 1 1 1
8 449 1 1 1 1 1
9 506 1 1 1 1 1
10 450 463 1 1 1 1
11 443 463 1 1 1 1
12 474 510 532 1 1 1 
13 447 489 522 536 1 1
14 409 478 484 1 1 1
15 451 479 482 488 488 526
16 508 539 1 1 1 1
17 438 496 533 1 1 1
18 521 529 1 1 1 1
19 532 1 1 1 1 1
20 430 436 443 519 1 1
21 500 513 519 525 538 1
22 500 509 1 1 1 1
23 495 530 531 1 1 1
24 435 447 511 1 1 1
;
param e:1 2 3 4 5 6:=
1 1.750000 1 1 1 1 1
2 1.750000 8.000000 1 1 1 1
3 8.000000 1 1 1 1 1
4 8.000000 8.000000 1 1 1 1
5 1.750000 1 1 1 1 1 
6 8.000000 8.000000 8.000000 1 1 1
7 8.000000 1.750000 8.000000 1 1 1
8 8.000000 1 1 1 1 1
9 1.750000 1 1 1 1 1
10 1.750000 8.000000 1 1 1 1 
11 1.750000 1.750000 1 1 1 1
12 8.000000 8.000000 1.750000  1 1 1 
13 8.000000 8.000000 1.750000 8.000000 1 1 
14 1.750000 8.000000 1.750000 1 1 1
15 8.000000 8.000000 1.750000 8.000000 1.750000 8.000000
16 8.000000 1.750000 1 1 1 1
17 1.750000 1.750000 1.750000 1 1 1
18 8.000000 1.750000 1 1 1 1
19 1.750000 1 1 1 1 1
20 1.750000 1.750000 8.000000 1.750000 1 1 
21 8.000000 8.000000 1.750000 1.750000 1.750000 1
22 1.750000 1.750000 1 1 1 1
23 8.000000 8.000000 8.000000 8.000000 1 1
24 1.750000 1.750000 8.000000 1 1 1
;
param s:1 2 3 4 5 6:=
1 148.000000 1 1 1 1 1
2 61.000000 85.000000 1 1 1 1
3 101.000000 1 1 1 1 1
4 99.000000 72.000000 1 1 1 1
5 204.000000 1 1 1 1 1
6 25.000000 62.000000 42.000000 1 1 1
7 29.000000 45.000000 107.000000 1 1 1
8 35.000000 1 1 1 1 1
9 134.000000 1 1 1 1 1
10 93.000000 61.000000 1 1 1 1
11 29.000000 54.000000 1 1 1 1
12 58.000000 42.000000 154.000000 1 1 1
13 35.000000 52.000000 195.000000 84.000000 1 1 
14 58.000000 63.000000 40.000000 1 1 1 
15 26.000000 34.000000 106.000000 24.000000 95.000000 109.000000
16 82.000000 141.000000 1 1 1 1 
17 86.000000 133.000000 128.000000 1 1 1
18 153.000000 44.000000 1 1 1 1
19 50.000000 1 1 1 1 1
20 33.000000 31.000000 24.000000 48.000000 1 1 
21 43.000000 55.000000 75.000000 134.000000 53.000000 1
22 37.000000 155.000000 1 1 1 1
23 133.000000 120.000000 54.000000 1 1 1
24 83.000000 80.000000 62.000000 1 1 1
;

param t:=
[1,*,*]:1 2 3 4 5 6 7 8 9 10 11 12 13 14 15 16 17 18 19 20 21 22 23 24 25 26 27 28 29 30 31 32 33 34 35 36 37:=
 1 40.133333 33.516667 43.116667 42.816667 200.000000 200.000000 200.000000 200.000000 200.000000 200.000000 200.000000 200.000000 28.600000 21.533333 200.000000 200.000000 200.000000 200.000000 41.750000 200.000000 28.483333 200.000000 24.050000 12.233333 200.000000 200.000000 200.000000 200.000000 200.000000 200.000000 200.000000 200.000000 200.000000 200.000000 200.000000 200.000000 200.000000  
 2 40.133333 33.516667 43.116667 42.816667 200.000000 200.000000 200.000000 200.000000 200.000000 200.000000 200.000000 200.000000 28.600000 21.533333 200.000000 200.000000 200.000000 200.000000 41.750000 200.000000 28.483333 200.000000 24.050000 12.233333 200.000000 200.000000 200.000000 200.000000 200.000000 200.000000 200.000000 200.000000 200.000000 200.000000 200.000000 200.000000 200.000000
 3 40.133333 33.516667 43.116667 42.816667 200.000000 200.000000 200.000000 200.000000 200.000000 200.000000 200.000000 200.000000 28.600000 21.533333 200.000000 200.000000 200.000000 200.000000 41.750000 200.000000 28.483333 200.000000 24.050000 12.233333 200.000000 200.000000 200.000000 200.000000 200.000000 200.000000 200.000000 200.000000 200.000000 200.000000 200.000000 200.000000 200.000000
 4 40.133333 33.516667 43.116667 42.816667 200.000000 200.000000 200.000000 200.000000 200.000000 200.000000 200.000000 200.000000 28.600000 21.533333 200.000000 200.000000 200.000000 200.000000 41.750000 200.000000 28.483333 200.000000 24.050000 12.233333 200.000000 200.000000 200.000000 200.000000 200.000000 200.000000 200.000000 200.000000 200.000000 200.000000 200.000000 200.000000 200.000000
 5 40.133333 33.516667 43.116667 42.816667 200.000000 200.000000 200.000000 200.000000 200.000000 200.000000 200.000000 200.000000 28.600000 21.533333 200.000000 200.000000 200.000000 200.000000 41.750000 200.000000 28.483333 200.000000 24.050000 12.233333 200.000000 200.000000 200.000000 200.000000 200.000000 200.000000 200.000000 200.000000 200.000000 200.000000 200.000000 200.000000 200.000000
 6 40.133333 33.516667 43.116667 42.816667 200.000000 200.000000 200.000000 200.000000 200.000000 200.000000 200.000000 200.000000 28.600000 21.533333 200.000000 200.000000 200.000000 200.000000 41.750000 200.000000 28.483333 200.000000 24.050000 12.233333 200.000000 200.000000 200.000000 200.000000 200.000000 200.000000 200.000000 200.000000 200.000000 200.000000 200.000000 200.000000 200.000000
[2,*,*]:1 2 3 4 5 6 7 8 9 10 11 12 13 14 15 16 17 18 19 20 21 22 23 24 25 26 27 28 29 30 31 32 33 34 35 36 37:=
 1 200.000000 49.133333 52.183333 200.000000 200.000000 200.000000 200.000000 200.000000 200.000000 200.000000 200.000000 200.000000 36.583333 41.716667 52.500000 200.000000 200.000000 61.850000 200.000000 200.000000 200.000000 200.000000 200.000000 200.000000 200.000000 49.466667 200.000000 200.000000 200.000000 200.000000 11.016667 30.100000 23.250000 200.000000 200.000000 200.000000 200.000000  
 2  30.966667 43.900000 43.133333 31.450000 200.000000 17.716667 200.000000 200.000000 28.750000 33.500000 200.000000 200.000000 200.000000 55.250000 39.433333 200.000000 200.000000 200.000000 200.000000 200.000000 200.000000 200.000000 46.333333 200.000000 200.000000 200.000000 200.000000 200.000000 200.000000 200.000000 200.000000 200.000000 200.000000 200.000000 200.000000 200.000000 200.000000
 3  30.966667 43.900000 43.133333 31.450000 200.000000 17.716667 200.000000 200.000000 28.750000 33.500000 200.000000 200.000000 200.000000 55.250000 39.433333 200.000000 200.000000 200.000000 200.000000 200.000000 200.000000 200.000000 46.333333 200.000000 200.000000 200.000000 200.000000 200.000000 200.000000 200.000000 200.000000 200.000000 200.000000 200.000000 200.000000 200.000000 200.000000
 4  30.966667 43.900000 43.133333 31.450000 200.000000 17.716667 200.000000 200.000000 28.750000 33.500000 200.000000 200.000000 200.000000 55.250000 39.433333 200.000000 200.000000 200.000000 200.000000 200.000000 200.000000 200.000000 46.333333 200.000000 200.000000 200.000000 200.000000 200.000000 200.000000 200.000000 200.000000 200.000000 200.000000 200.000000 200.000000 200.000000 200.000000
 5  30.966667 43.900000 43.133333 31.450000 200.000000 17.716667 200.000000 200.000000 28.750000 33.500000 200.000000 200.000000 200.000000 55.250000 39.433333 200.000000 200.000000 200.000000 200.000000 200.000000 200.000000 200.000000 46.333333 200.000000 200.000000 200.000000 200.000000 200.000000 200.000000 200.000000 200.000000 200.000000 200.000000 200.000000 200.000000 200.000000 200.000000
 6  30.966667 43.900000 43.133333 31.450000 200.000000 17.716667 200.000000 200.000000 28.750000 33.500000 200.000000 200.000000 200.000000 55.250000 39.433333 200.000000 200.000000 200.000000 200.000000 200.000000 200.000000 200.000000 46.333333 200.000000 200.000000 200.000000 200.000000 200.000000 200.000000 200.000000 200.000000 200.000000 200.000000 200.000000 200.000000 200.000000 200.000000
[3,*,*]:1 2 3 4 5 6 7 8 9 10 11 12 13 14 15 16 17 18 19 20 21 22 23 24 25 26 27 28 29 30 31 32 33 34 35 36 37:=
 1  25.350000 27.333333 21.533333 20.283333 200.000000 32.633333 200.000000 200.000000 34.700000 200.000000 200.000000 200.000000 38.266667 38.183333 30.416667 200.000000 200.000000 200.000000 200.000000 200.000000 200.000000 200.000000 200.000000 200.000000 200.000000 44.833333 200.000000 200.000000 200.000000 200.000000 200.000000 200.000000 200.000000 200.000000 200.000000 200.000000 200.000000  
 2  25.350000 27.333333 21.533333 20.283333 200.000000 32.633333 200.000000 200.000000 34.700000 200.000000 200.000000 200.000000 38.266667 38.183333 30.416667 200.000000 200.000000 200.000000 200.000000 200.000000 200.000000 200.000000 200.000000 200.000000 200.000000 44.833333 200.000000 200.000000 200.000000 200.000000 200.000000 200.000000 200.000000 200.000000 200.000000 200.000000 200.000000
 3  25.350000 27.333333 21.533333 20.283333 200.000000 32.633333 200.000000 200.000000 34.700000 200.000000 200.000000 200.000000 38.266667 38.183333 30.416667 200.000000 200.000000 200.000000 200.000000 200.000000 200.000000 200.000000 200.000000 200.000000 200.000000 44.833333 200.000000 200.000000 200.000000 200.000000 200.000000 200.000000 200.000000 200.000000 200.000000 200.000000 200.000000
 4  25.350000 27.333333 21.533333 20.283333 200.000000 32.633333 200.000000 200.000000 34.700000 200.000000 200.000000 200.000000 38.266667 38.183333 30.416667 200.000000 200.000000 200.000000 200.000000 200.000000 200.000000 200.000000 200.000000 200.000000 200.000000 44.833333 200.000000 200.000000 200.000000 200.000000 200.000000 200.000000 200.000000 200.000000 200.000000 200.000000 200.000000
 5  25.350000 27.333333 21.533333 20.283333 200.000000 32.633333 200.000000 200.000000 34.700000 200.000000 200.000000 200.000000 38.266667 38.183333 30.416667 200.000000 200.000000 200.000000 200.000000 200.000000 200.000000 200.000000 200.000000 200.000000 200.000000 44.833333 200.000000 200.000000 200.000000 200.000000 200.000000 200.000000 200.000000 200.000000 200.000000 200.000000 200.000000
 6  25.350000 27.333333 21.533333 20.283333 200.000000 32.633333 200.000000 200.000000 34.700000 200.000000 200.000000 200.000000 38.266667 38.183333 30.416667 200.000000 200.000000 200.000000 200.000000 200.000000 200.000000 200.000000 200.000000 200.000000 200.000000 44.833333 200.000000 200.000000 200.000000 200.000000 200.000000 200.000000 200.000000 200.000000 200.000000 200.000000 200.000000
[4,*,*]:1 2 3 4 5 6 7 8 9 10 11 12 13 14 15 16 17 18 19 20 21 22 23 24 25 26 27 28 29 30 31 32 33 34 35 36 37:=
 1 48.233333 45.066667 48.350000 200.000000 200.000000 200.000000 200.000000 200.000000 200.000000 200.000000 200.000000 200.000000 39.666667 46.666667 48.016667 200.000000 200.000000 54.316667 200.000000 200.000000 200.000000 200.000000 200.000000 200.000000 200.000000 55.100000 200.000000 200.000000 200.000000 200.000000 47.433333 200.000000 37.483333 200.000000 200.000000 200.000000 200.000000  
 2 22.433333 35.616667 34.233333 12.033333 200.000000 12.750000 200.000000 200.000000 38.200000 35.433333 200.000000 200.000000 200.000000 46.516667 43.250000 200.000000 200.000000 200.000000 200.000000 200.000000 200.000000 200.000000 33.816667 200.000000 200.000000 200.000000 200.000000 200.000000 200.000000 200.000000 200.000000 200.000000 200.000000 200.000000 200.000000 200.000000 200.000000
 3 22.433333 35.616667 34.233333 12.033333 200.000000 12.750000 200.000000 200.000000 38.200000 35.433333 200.000000 200.000000 200.000000 46.516667 43.250000 200.000000 200.000000 200.000000 200.000000 200.000000 200.000000 200.000000 33.816667 200.000000 200.000000 200.000000 200.000000 200.000000 200.000000 200.000000 200.000000 200.000000 200.000000 200.000000 200.000000 200.000000 200.000000
 4 22.433333 35.616667 34.233333 12.033333 200.000000 12.750000 200.000000 200.000000 38.200000 35.433333 200.000000 200.000000 200.000000 46.516667 43.250000 200.000000 200.000000 200.000000 200.000000 200.000000 200.000000 200.000000 33.816667 200.000000 200.000000 200.000000 200.000000 200.000000 200.000000 200.000000 200.000000 200.000000 200.000000 200.000000 200.000000 200.000000 200.000000
 5 22.433333 35.616667 34.233333 12.033333 200.000000 12.750000 200.000000 200.000000 38.200000 35.433333 200.000000 200.000000 200.000000 46.516667 43.250000 200.000000 200.000000 200.000000 200.000000 200.000000 200.000000 200.000000 33.816667 200.000000 200.000000 200.000000 200.000000 200.000000 200.000000 200.000000 200.000000 200.000000 200.000000 200.000000 200.000000 200.000000 200.000000
 6 22.433333 35.616667 34.233333 12.033333 200.000000 12.750000 200.000000 200.000000 38.200000 35.433333 200.000000 200.000000 200.000000 46.516667 43.250000 200.000000 200.000000 200.000000 200.000000 200.000000 200.000000 200.000000 33.816667 200.000000 200.000000 200.000000 200.000000 200.000000 200.000000 200.000000 200.000000 200.000000 200.000000 200.000000 200.000000 200.000000 200.000000
[5,*,*]:1 2 3 4 5 6 7 8 9 10 11 12 13 14 15 16 17 18 19 20 21 22 23 24 25 26 27 28 29 30 31 32 33 34 35 36 37:=
 1 44.683333 49.316667 46.066667 50.016667 200.000000 200.000000 200.000000 200.000000 47.450000 200.000000 200.000000 200.000000 43.733333 200.000000 32.433333 200.000000 200.000000 9.516667 200.000000 200.000000 200.000000 200.000000 200.000000 200.000000 200.000000 200.000000 200.000000 200.000000 200.000000 200.000000 54.366667 200.000000 44.050000 200.000000 200.000000 200.000000 200.000000
 2 44.683333 49.316667 46.066667 50.016667 200.000000 200.000000 200.000000 200.000000 47.450000 200.000000 200.000000 200.000000 43.733333 200.000000 32.433333 200.000000 200.000000 9.516667 200.000000 200.000000 200.000000 200.000000 200.000000 200.000000 200.000000 200.000000 200.000000 200.000000 200.000000 200.000000 54.366667 200.000000 44.050000 200.000000 200.000000 200.000000 200.000000
 3 44.683333 49.316667 46.066667 50.016667 200.000000 200.000000 200.000000 200.000000 47.450000 200.000000 200.000000 200.000000 43.733333 200.000000 32.433333 200.000000 200.000000 9.516667 200.000000 200.000000 200.000000 200.000000 200.000000 200.000000 200.000000 200.000000 200.000000 200.000000 200.000000 200.000000 54.366667 200.000000 44.050000 200.000000 200.000000 200.000000 200.000000
 4 44.683333 49.316667 46.066667 50.016667 200.000000 200.000000 200.000000 200.000000 47.450000 200.000000 200.000000 200.000000 43.733333 200.000000 32.433333 200.000000 200.000000 9.516667 200.000000 200.000000 200.000000 200.000000 200.000000 200.000000 200.000000 200.000000 200.000000 200.000000 200.000000 200.000000 54.366667 200.000000 44.050000 200.000000 200.000000 200.000000 200.000000
 5 44.683333 49.316667 46.066667 50.016667 200.000000 200.000000 200.000000 200.000000 47.450000 200.000000 200.000000 200.000000 43.733333 200.000000 32.433333 200.000000 200.000000 9.516667 200.000000 200.000000 200.000000 200.000000 200.000000 200.000000 200.000000 200.000000 200.000000 200.000000 200.000000 200.000000 54.366667 200.000000 44.050000 200.000000 200.000000 200.000000 200.000000
 6 44.683333 49.316667 46.066667 50.016667 200.000000 200.000000 200.000000 200.000000 47.450000 200.000000 200.000000 200.000000 43.733333 200.000000 32.433333 200.000000 200.000000 9.516667 200.000000 200.000000 200.000000 200.000000 200.000000 200.000000 200.000000 200.000000 200.000000 200.000000 200.000000 200.000000 54.366667 200.000000 44.050000 200.000000 200.000000 200.000000 200.000000
[6,*,*]:1 2 3 4 5 6 7 8 9 10 11 12 13 14 15 16 17 18 19 20 21 22 23 24 25 26 27 28 29 30 31 32 33 34 35 36 37:=
 1 42.433333 28.733333 36.083333 46.050000 200.000000 200.000000 200.000000 200.000000 200.000000 200.000000 200.000000 200.000000 10.450000 20.266667 36.416667 200.000000 200.000000 200.000000 200.000000 200.000000 200.000000 200.000000 30.050000 31.133333 200.000000 35.566667 200.000000 200.000000 200.000000 200.000000 200.000000 200.000000 200.000000 200.000000 200.000000 200.000000 200.000000 
 2 200.000000 66.650000 66.500000 200.000000 200.000000 200.000000 200.000000 200.000000 200.000000 200.000000 200.000000 200.000000 51.633333 59.483333 62.733333 200.000000 200.000000 75.666667 200.000000 200.000000 200.000000 200.000000 200.000000 200.000000 200.000000 67.500000 200.000000 200.000000 200.000000 200.000000 13.066667 32.550000 31.033333 200.000000 200.000000 200.000000 200.000000
 3 35.083333 31.083333 43.766667 43.716667 200.000000 44.300000 200.000000 200.000000 200.000000 200.000000 200.000000 200.000000 29.633333 15.533333 200.000000 200.000000 200.000000 200.000000 200.000000 200.000000 200.000000 200.000000 23.333333 25.000000 200.000000 0.250000 200.000000 200.000000 200.000000 200.000000 200.000000 200.000000 200.000000 200.000000 200.000000 200.000000 200.000000
 4 35.083333 31.083333 43.766667 43.716667 200.000000 44.300000 200.000000 200.000000 200.000000 200.000000 200.000000 200.000000 29.633333 15.533333 200.000000 200.000000 200.000000 200.000000 200.000000 200.000000 200.000000 200.000000 23.333333 25.000000 200.000000 0.250000 200.000000 200.000000 200.000000 200.000000 200.000000 200.000000 200.000000 200.000000 200.000000 200.000000 200.000000
 5 35.083333 31.083333 43.766667 43.716667 200.000000 44.300000 200.000000 200.000000 200.000000 200.000000 200.000000 200.000000 29.633333 15.533333 200.000000 200.000000 200.000000 200.000000 200.000000 200.000000 200.000000 200.000000 23.333333 25.000000 200.000000 0.250000 200.000000 200.000000 200.000000 200.000000 200.000000 200.000000 200.000000 200.000000 200.000000 200.000000 200.000000
 6 35.083333 31.083333 43.766667 43.716667 200.000000 44.300000 200.000000 200.000000 200.000000 200.000000 200.000000 200.000000 29.633333 15.533333 200.000000 200.000000 200.000000 200.000000 200.000000 200.000000 200.000000 200.000000 23.333333 25.000000 200.000000 0.250000 200.000000 200.000000 200.000000 200.000000 200.000000 200.000000 200.000000 200.000000 200.000000 200.000000 200.000000
[7,*,*]:1 2 3 4 5 6 7 8 9 10 11 12 13 14 15 16 17 18 19 20 21 22 23 24 25 26 27 28 29 30 31 32 33 34 35 36 37:=
 1 21.366667 34.633333 31.233333 12.366667 200.000000 12.150000 200.000000 200.000000 39.166667 200.000000 200.000000 200.000000 200.000000 39.500000 35.416667 200.000000 200.000000 200.000000 200.000000 200.000000 200.000000 200.000000 35.900000 200.000000 200.000000 45.466667 200.000000 200.000000 200.000000 200.000000 200.000000 200.000000 200.000000 200.000000 200.000000 200.000000 200.000000  
 2 36.250000 38.933333 31.516667 40.416667 200.000000 200.000000 200.000000 200.000000 200.000000 200.000000 200.000000 200.000000 30.583333 39.800000 26.950000 200.000000 200.000000 38.300000 200.000000 200.000000 200.000000 200.000000 200.000000 200.000000 200.000000 200.000000 200.000000 200.000000 200.000000 200.000000 39.000000 200.000000 31.133333 200.000000 200.000000 200.000000 200.000000
 3 52.866667 56.016667 53.200000 48.966667 200.000000 41.050000 29.516667 200.000000 35.883333 30.716667 200.000000 200.000000 200.000000 200.000000 42.183333 200.000000 200.000000 200.000000 200.000000 200.000000 200.000000 200.000000 65.050000 200.000000 200.000000 200.000000 200.000000 200.000000 200.000000 200.000000 200.000000 200.000000 200.000000 200.000000 200.000000 200.000000 200.000000
 4 52.866667 56.016667 53.200000 48.966667 200.000000 41.050000 29.516667 200.000000 35.883333 30.716667 200.000000 200.000000 200.000000 200.000000 42.183333 200.000000 200.000000 200.000000 200.000000 200.000000 200.000000 200.000000 65.050000 200.000000 200.000000 200.000000 200.000000 200.000000 200.000000 200.000000 200.000000 200.000000 200.000000 200.000000 200.000000 200.000000 200.000000
 5 52.866667 56.016667 53.200000 48.966667 200.000000 41.050000 29.516667 200.000000 35.883333 30.716667 200.000000 200.000000 200.000000 200.000000 42.183333 200.000000 200.000000 200.000000 200.000000 200.000000 200.000000 200.000000 65.050000 200.000000 200.000000 200.000000 200.000000 200.000000 200.000000 200.000000 200.000000 200.000000 200.000000 200.000000 200.000000 200.000000 200.000000
 6 52.866667 56.016667 53.200000 48.966667 200.000000 41.050000 29.516667 200.000000 35.883333 30.716667 200.000000 200.000000 200.000000 200.000000 42.183333 200.000000 200.000000 200.000000 200.000000 200.000000 200.000000 200.000000 65.050000 200.000000 200.000000 200.000000 200.000000 200.000000 200.000000 200.000000 200.000000 200.000000 200.000000 200.000000 200.000000 200.000000 200.000000
[8,*,*]:1 2 3 4 5 6 7 8 9 10 11 12 13 14 15 16 17 18 19 20 21 22 23 24 25 26 27 28 29 30 31 32 33 34 35 36 37:=
 1 26.516667 13.933333 18.133333 34.650000 200.000000 200.000000 200.000000 200.000000 200.000000 200.000000 200.000000 200.000000 25.800000 14.750000 42.783333 200.000000 200.000000 200.000000 200.000000 200.000000 200.000000 200.000000 26.250000 30.366667 200.000000 28.333333 200.000000 200.000000 200.000000 200.000000 200.000000 200.000000 200.000000 200.000000 200.000000 200.000000 200.000000  
 2 26.516667 13.933333 18.133333 34.650000 200.000000 200.000000 200.000000 200.000000 200.000000 200.000000 200.000000 200.000000 25.800000 14.750000 42.783333 200.000000 200.000000 200.000000 200.000000 200.000000 200.000000 200.000000 26.250000 30.366667 200.000000 28.333333 200.000000 200.000000 200.000000 200.000000 200.000000 200.000000 200.000000 200.000000 200.000000 200.000000 200.000000
 3 26.516667 13.933333 18.133333 34.650000 200.000000 200.000000 200.000000 200.000000 200.000000 200.000000 200.000000 200.000000 25.800000 14.750000 42.783333 200.000000 200.000000 200.000000 200.000000 200.000000 200.000000 200.000000 26.250000 30.366667 200.000000 28.333333 200.000000 200.000000 200.000000 200.000000 200.000000 200.000000 200.000000 200.000000 200.000000 200.000000 200.000000
 4 26.516667 13.933333 18.133333 34.650000 200.000000 200.000000 200.000000 200.000000 200.000000 200.000000 200.000000 200.000000 25.800000 14.750000 42.783333 200.000000 200.000000 200.000000 200.000000 200.000000 200.000000 200.000000 26.250000 30.366667 200.000000 28.333333 200.000000 200.000000 200.000000 200.000000 200.000000 200.000000 200.000000 200.000000 200.000000 200.000000 200.000000
 5 26.516667 13.933333 18.133333 34.650000 200.000000 200.000000 200.000000 200.000000 200.000000 200.000000 200.000000 200.000000 25.800000 14.750000 42.783333 200.000000 200.000000 200.000000 200.000000 200.000000 200.000000 200.000000 26.250000 30.366667 200.000000 28.333333 200.000000 200.000000 200.000000 200.000000 200.000000 200.000000 200.000000 200.000000 200.000000 200.000000 200.000000
 6 26.516667 13.933333 18.133333 34.650000 200.000000 200.000000 200.000000 200.000000 200.000000 200.000000 200.000000 200.000000 25.800000 14.750000 42.783333 200.000000 200.000000 200.000000 200.000000 200.000000 200.000000 200.000000 26.250000 30.366667 200.000000 28.333333 200.000000 200.000000 200.000000 200.000000 200.000000 200.000000 200.000000 200.000000 200.000000 200.000000 200.000000
[9,*,*]:1 2 3 4 5 6 7 8 9 10 11 12 13 14 15 16 17 18 19 20 21 22 23 24 25 26 27 28 29 30 31 32 33 34 35 36 37:=
 1 20.350000 31.133333 30.433333 21.233333 200.000000 8.850000 200.000000 200.000000 26.833333 29.683333 200.000000 200.000000 200.000000 44.016667 37.066667 200.000000 200.000000 200.000000 200.000000 200.000000 200.000000 200.000000 32.150000 200.000000 200.000000 200.000000 200.000000 200.000000 200.000000 200.000000 200.000000 200.000000 200.000000 200.000000 200.000000 200.000000 200.000000  
 2 20.350000 31.133333 30.433333 21.233333 200.000000 8.850000 200.000000 200.000000 26.833333 29.683333 200.000000 200.000000 200.000000 44.016667 37.066667 200.000000 200.000000 200.000000 200.000000 200.000000 200.000000 200.000000 32.150000 200.000000 200.000000 200.000000 200.000000 200.000000 200.000000 200.000000 200.000000 200.000000 200.000000 200.000000 200.000000 200.000000 200.000000
 3 20.350000 31.133333 30.433333 21.233333 200.000000 8.850000 200.000000 200.000000 26.833333 29.683333 200.000000 200.000000 200.000000 44.016667 37.066667 200.000000 200.000000 200.000000 200.000000 200.000000 200.000000 200.000000 32.150000 200.000000 200.000000 200.000000 200.000000 200.000000 200.000000 200.000000 200.000000 200.000000 200.000000 200.000000 200.000000 200.000000 200.000000
 4 20.350000 31.133333 30.433333 21.233333 200.000000 8.850000 200.000000 200.000000 26.833333 29.683333 200.000000 200.000000 200.000000 44.016667 37.066667 200.000000 200.000000 200.000000 200.000000 200.000000 200.000000 200.000000 32.150000 200.000000 200.000000 200.000000 200.000000 200.000000 200.000000 200.000000 200.000000 200.000000 200.000000 200.000000 200.000000 200.000000 200.000000
 5 20.350000 31.133333 30.433333 21.233333 200.000000 8.850000 200.000000 200.000000 26.833333 29.683333 200.000000 200.000000 200.000000 44.016667 37.066667 200.000000 200.000000 200.000000 200.000000 200.000000 200.000000 200.000000 32.150000 200.000000 200.000000 200.000000 200.000000 200.000000 200.000000 200.000000 200.000000 200.000000 200.000000 200.000000 200.000000 200.000000 200.000000
 6 20.350000 31.133333 30.433333 21.233333 200.000000 8.850000 200.000000 200.000000 26.833333 29.683333 200.000000 200.000000 200.000000 44.016667 37.066667 200.000000 200.000000 200.000000 200.000000 200.000000 200.000000 200.000000 32.150000 200.000000 200.000000 200.000000 200.000000 200.000000 200.000000 200.000000 200.000000 200.000000 200.000000 200.000000 200.000000 200.000000 200.000000
[10,*,*]:1 2 3 4 5 6 7 8 9 10 11 12 13 14 15 16 17 18 19 20 21 22 23 24 25 26 27 28 29 30 31 32 33 34 35 36 37:=
 1 34.300000 33.483333 23.416667 38.416667 200.000000 200.000000 200.000000 200.000000 36.083333 200.000000 200.000000 200.000000 22.316667 31.400000 27.700000 200.000000 200.000000 40.883333 200.000000 200.000000 200.000000 200.000000 200.000000 200.000000 200.000000 38.316667 200.000000 200.000000 200.000000 200.000000 200.000000 200.000000 200.000000 200.000000 200.000000 200.000000 200.000000  
 2 32.350000 26.750000 36.516667 38.483333 200.000000 37.466667 200.000000 200.000000 200.000000 200.000000 200.000000 200.000000 25.266667 22.983333 200.000000 200.000000 200.000000 200.000000 200.000000 200.000000 200.000000 200.000000 15.783333 33.550000 200.000000 22.533333 200.000000 200.000000 200.000000 200.000000 200.000000 200.000000 200.000000 200.000000 200.000000 200.000000 200.000000
 3 32.350000 26.750000 36.516667 38.483333 200.000000 37.466667 200.000000 200.000000 200.000000 200.000000 200.000000 200.000000 25.266667 22.983333 200.000000 200.000000 200.000000 200.000000 200.000000 200.000000 200.000000 200.000000 15.783333 33.550000 200.000000 22.533333 200.000000 200.000000 200.000000 200.000000 200.000000 200.000000 200.000000 200.000000 200.000000 200.000000 200.000000
 4 32.350000 26.750000 36.516667 38.483333 200.000000 37.466667 200.000000 200.000000 200.000000 200.000000 200.000000 200.000000 25.266667 22.983333 200.000000 200.000000 200.000000 200.000000 200.000000 200.000000 200.000000 200.000000 15.783333 33.550000 200.000000 22.533333 200.000000 200.000000 200.000000 200.000000 200.000000 200.000000 200.000000 200.000000 200.000000 200.000000 200.000000
 5 32.350000 26.750000 36.516667 38.483333 200.000000 37.466667 200.000000 200.000000 200.000000 200.000000 200.000000 200.000000 25.266667 22.983333 200.000000 200.000000 200.000000 200.000000 200.000000 200.000000 200.000000 200.000000 15.783333 33.550000 200.000000 22.533333 200.000000 200.000000 200.000000 200.000000 200.000000 200.000000 200.000000 200.000000 200.000000 200.000000 200.000000
 6 32.350000 26.750000 36.516667 38.483333 200.000000 37.466667 200.000000 200.000000 200.000000 200.000000 200.000000 200.000000 25.266667 22.983333 200.000000 200.000000 200.000000 200.000000 200.000000 200.000000 200.000000 200.000000 15.783333 33.550000 200.000000 22.533333 200.000000 200.000000 200.000000 200.000000 200.000000 200.000000 200.000000 200.000000 200.000000 200.000000 200.000000
[11,*,*]:1 2 3 4 5 6 7 8 9 10 11 12 13 14 15 16 17 18 19 20 21 22 23 24 25 26 27 28 29 30 31 32 33 34 35 36 37:=
 1 41.033333 36.966667 36.950000 200.000000 200.000000 200.000000 200.000000 200.000000 200.000000 200.000000 200.000000 200.000000 24.466667 35.716667 35.483333 200.000000 200.000000 50.183333 200.000000 200.000000 200.000000 200.000000 200.000000 200.000000 200.000000 40.683333 200.000000 200.000000 200.000000 200.000000 44.533333 200.000000 32.783333 200.000000 200.000000 200.000000 200.000000
 2 29.816667 28.983333 20.483333 34.616667 200.000000 200.000000 200.000000 200.000000 30.766667 200.000000 200.000000 200.000000 16.900000 25.666667 22.100000 200.000000 200.000000 35.083333 200.000000 200.000000 200.000000 200.000000 200.000000 200.000000 200.000000 32.350000 200.000000 200.000000 200.000000 200.000000 200.000000 200.000000 200.000000 200.000000 200.000000 200.000000 200.000000
 3 29.816667 28.983333 20.483333 34.616667 200.000000 200.000000 200.000000 200.000000 30.766667 200.000000 200.000000 200.000000 16.900000 25.666667 22.100000 200.000000 200.000000 35.083333 200.000000 200.000000 200.000000 200.000000 200.000000 200.000000 200.000000 32.350000 200.000000 200.000000 200.000000 200.000000 200.000000 200.000000 200.000000 200.000000 200.000000 200.000000 200.000000
 4 29.816667 28.983333 20.483333 34.616667 200.000000 200.000000 200.000000 200.000000 30.766667 200.000000 200.000000 200.000000 16.900000 25.666667 22.100000 200.000000 200.000000 35.083333 200.000000 200.000000 200.000000 200.000000 200.000000 200.000000 200.000000 32.350000 200.000000 200.000000 200.000000 200.000000 200.000000 200.000000 200.000000 200.000000 200.000000 200.000000 200.000000
 5 29.816667 28.983333 20.483333 34.616667 200.000000 200.000000 200.000000 200.000000 30.766667 200.000000 200.000000 200.000000 16.900000 25.666667 22.100000 200.000000 200.000000 35.083333 200.000000 200.000000 200.000000 200.000000 200.000000 200.000000 200.000000 32.350000 200.000000 200.000000 200.000000 200.000000 200.000000 200.000000 200.000000 200.000000 200.000000 200.000000 200.000000
 6 29.816667 28.983333 20.483333 34.616667 200.000000 200.000000 200.000000 200.000000 30.766667 200.000000 200.000000 200.000000 16.900000 25.666667 22.100000 200.000000 200.000000 35.083333 200.000000 200.000000 200.000000 200.000000 200.000000 200.000000 200.000000 32.350000 200.000000 200.000000 200.000000 200.000000 200.000000 200.000000 200.000000 200.000000 200.000000 200.000000 200.000000
[12,*,*]:1 2 3 4 5 6 7 8 9 10 11 12 13 14 15 16 17 18 19 20 21 22 23 24 25 26 27 28 29 30 31 32 33 34 35 36 37:=
 1 200.000000 200.000000 200.000000 200.000000 200.000000 200.000000 143.383333 200.000000 200.000000 200.000000 161.116667 200.000000 200.000000 200.000000 200.000000 200.000000 200.000000 200.000000 80.133333 200.000000 67.300000 60.383333 94.716667 72.766667 200.000000 86.350000 19.566667 200.000000 63.566667 200.000000 200.000000 200.000000 200.000000 200.000000 200.000000 200.000000 200.000000 
 2 44.216667 49.416667 200.000000 200.000000 200.000000 200.000000 200.000000 200.000000 200.000000 200.000000 200.000000 200.000000 200.000000 45.433333 200.000000 200.000000 200.000000 200.000000 16.100000 200.000000 19.700000 43.466667 33.516667 43.450000 200.000000 51.716667 200.000000 200.000000 34.683333 200.000000 200.000000 200.000000 200.000000 200.000000 200.000000 200.000000 200.000000
 3 200.000000 200.000000 200.000000 68.533333 200.000000 50.616667 34.833333 200.000000 200.000000 44.433333 4.550000 200.000000 200.000000 200.000000 200.000000 200.000000 200.000000 200.000000 80.716667 200.000000 98.466667 112.033333 72.416667 200.000000 200.000000 200.000000 200.000000 200.000000 101.700000 200.000000 200.000000 200.000000 200.000000 200.000000 200.000000 200.000000 200.000000
 4 200.000000 200.000000 200.000000 68.533333 200.000000 50.616667 34.833333 200.000000 200.000000 44.433333 4.550000 200.000000 200.000000 200.000000 200.000000 200.000000 200.000000 200.000000 80.716667 200.000000 98.466667 112.033333 72.416667 200.000000 200.000000 200.000000 200.000000 200.000000 101.700000 200.000000 200.000000 200.000000 200.000000 200.000000 200.000000 200.000000 200.000000
 5 200.000000 200.000000 200.000000 68.533333 200.000000 50.616667 34.833333 200.000000 200.000000 44.433333 4.550000 200.000000 200.000000 200.000000 200.000000 200.000000 200.000000 200.000000 80.716667 200.000000 98.466667 112.033333 72.416667 200.000000 200.000000 200.000000 200.000000 200.000000 101.700000 200.000000 200.000000 200.000000 200.000000 200.000000 200.000000 200.000000 200.000000
 6 200.000000 200.000000 200.000000 68.533333 200.000000 50.616667 34.833333 200.000000 200.000000 44.433333 4.550000 200.000000 200.000000 200.000000 200.000000 200.000000 200.000000 200.000000 80.716667 200.000000 98.466667 112.033333 72.416667 200.000000 200.000000 200.000000 200.000000 200.000000 101.700000 200.000000 200.000000 200.000000 200.000000 200.000000 200.000000 200.000000 200.000000
[13,*,*]:1 2 3 4 5 6 7 8 9 10 11 12 13 14 15 16 17 18 19 20 21 22 23 24 25 26 27 28 29 30 31 32 33 34 35 36 37:=
 1 200.000000 84.200000 81.800000 200.000000 200.000000 200.000000 200.000000 200.000000 200.000000 200.000000 200.000000 200.000000 68.800000 76.700000 81.583333 200.000000 200.000000 99.066667 200.000000 200.000000 200.000000 200.000000 200.000000 200.000000 200.000000 84.833333 200.000000 200.000000 200.000000 200.000000 34.316667 36.083333 46.000000 200.000000 200.000000 200.000000 200.000000 
 2 31.100000 20.650000 20.833333 34.833333 200.000000 40.750000 200.000000 200.000000 200.000000 200.000000 200.000000 200.000000 36.683333 28.466667 42.700000 200.000000 200.000000 200.000000 200.000000 200.000000 200.000000 200.000000 40.266667 200.000000 200.000000 41.016667 200.000000 200.000000 200.000000 200.000000 200.000000 200.000000 200.000000 200.000000 200.000000 200.000000 200.000000
 3 21.066667 8.466667 18.116667 26.483333 200.000000 31.983333 200.000000 200.000000 200.000000 200.000000 200.000000 200.000000 30.066667 22.366667 32.666667 200.000000 200.000000 200.000000 200.000000 200.000000 200.000000 200.000000 28.433333 200.000000 200.000000 34.450000 200.000000 200.000000 200.000000 200.000000 200.000000 200.000000 200.000000 200.000000 200.000000 200.000000 200.000000
 4 24.500000 27.583333 20.616667 29.833333 200.000000 33.250000 200.000000 200.000000 28.316667 200.000000 200.000000 200.000000 26.516667 36.050000 9.950000 200.000000 200.000000 35.733333 200.000000 200.000000 200.000000 200.000000 200.000000 200.000000 200.000000 200.000000 200.000000 200.000000 200.000000 200.000000 200.000000 200.000000 200.000000 200.000000 200.000000 200.000000 200.000000
 5 24.500000 27.583333 20.616667 29.833333 200.000000 33.250000 200.000000 200.000000 28.316667 200.000000 200.000000 200.000000 26.516667 36.050000 9.950000 200.000000 200.000000 35.733333 200.000000 200.000000 200.000000 200.000000 200.000000 200.000000 200.000000 200.000000 200.000000 200.000000 200.000000 200.000000 200.000000 200.000000 200.000000 200.000000 200.000000 200.000000 200.000000
 6 24.500000 27.583333 20.616667 29.833333 200.000000 33.250000 200.000000 200.000000 28.316667 200.000000 200.000000 200.000000 26.516667 36.050000 9.950000 200.000000 200.000000 35.733333 200.000000 200.000000 200.000000 200.000000 200.000000 200.000000 200.000000 200.000000 200.000000 200.000000 200.000000 200.000000 200.000000 200.000000 200.000000 200.000000 200.000000 200.000000 200.000000
[14,*,*]:1 2 3 4 5 6 7 8 9 10 11 12 13 14 15 16 17 18 19 20 21 22 23 24 25 26 27 28 29 30 31 32 33 34 35 36 37:=
 1 200.000000 52.083333 44.100000 200.000000 200.000000 200.000000 200.000000 200.000000 49.400000 200.000000 200.000000 200.000000 38.283333 46.266667 39.666667 200.000000 200.000000 33.650000 200.000000 200.000000 200.000000 200.000000 200.000000 200.000000 200.000000 200.000000 200.000000 200.000000 200.000000 200.000000 33.000000 32.666667 22.100000 200.000000 200.000000 200.000000 200.000000
 2 200.000000 115.116667 112.450000 200.000000 200.000000 200.000000 200.000000 200.000000 200.000000 200.000000 200.000000 200.000000 100.533333 106.500000 112.883333 200.000000 200.000000 117.800000 200.000000 200.000000 200.000000 200.000000 200.000000 200.000000 200.000000 200.000000 200.000000 200.000000 200.000000 200.000000 90.333333 73.000000 82.616667 27.000000 200.000000 200.000000 200.000000
 3 200.000000 55.200000 50.633333 200.000000 200.000000 200.000000 200.000000 200.000000 200.000000 200.000000 200.000000 200.000000 44.366667 49.200000 50.916667 200.000000 200.000000 62.716667 200.000000 200.000000 200.000000 200.000000 200.000000 200.000000 200.000000 57.683333 200.000000 200.000000 200.000000 200.000000 8.933333 16.850000 21.600000 200.000000 200.000000 200.000000 200.000000
 4 200.000000 55.200000 50.633333 200.000000 200.000000 200.000000 200.000000 200.000000 200.000000 200.000000 200.000000 200.000000 44.366667 49.200000 50.916667 200.000000 200.000000 62.716667 200.000000 200.000000 200.000000 200.000000 200.000000 200.000000 200.000000 57.683333 200.000000 200.000000 200.000000 200.000000 8.933333 16.850000 21.600000 200.000000 200.000000 200.000000 200.000000
 5 200.000000 55.200000 50.633333 200.000000 200.000000 200.000000 200.000000 200.000000 200.000000 200.000000 200.000000 200.000000 44.366667 49.200000 50.916667 200.000000 200.000000 62.716667 200.000000 200.000000 200.000000 200.000000 200.000000 200.000000 200.000000 57.683333 200.000000 200.000000 200.000000 200.000000 8.933333 16.850000 21.600000 200.000000 200.000000 200.000000 200.000000
 6 200.000000 55.200000 50.633333 200.000000 200.000000 200.000000 200.000000 200.000000 200.000000 200.000000 200.000000 200.000000 44.366667 49.200000 50.916667 200.000000 200.000000 62.716667 200.000000 200.000000 200.000000 200.000000 200.000000 200.000000 200.000000 57.683333 200.000000 200.000000 200.000000 200.000000 8.933333 16.850000 21.600000 200.000000 200.000000 200.000000 200.000000
[15,*,*]:1 2 3 4 5 6 7 8 9 10 11 12 13 14 15 16 17 18 19 20 21 22 23 24 25 26 27 28 29 30 31 32 33 34 35 36 37:=
 1 27.416667 9.650000 20.216667 35.583333 200.000000 39.433333 200.000000 200.000000 200.000000 200.000000 200.000000 200.000000 27.966667 21.533333 44.183333 200.000000 200.000000 200.000000 200.000000 200.000000 200.000000 200.000000 31.750000 200.000000 200.000000 40.200000 200.000000 200.000000 200.000000 200.000000 200.000000 200.000000 200.000000 200.000000 200.000000 200.000000 200.000000
 2 22.400000 18.650000 32.650000 34.066667 200.000000 31.900000 200.000000 200.000000 200.000000 200.000000 200.000000 200.000000 32.933333 30.383333 200.000000 200.000000 200.000000 200.000000 200.000000 200.000000 200.000000 200.000000 23.400000 44.883333 200.000000 28.483333 200.000000 200.000000 200.000000 200.000000 200.000000 200.000000 200.000000 200.000000 200.000000 200.000000 200.000000
 3 43.566667 36.383333 45.450000 200.000000 200.000000 200.000000 200.000000 200.000000 200.000000 200.000000 200.000000 200.000000 25.783333 29.200000 47.600000 200.000000 200.000000 63.366667 200.000000 200.000000 200.000000 200.000000 200.000000 200.000000 200.000000 38.116667 200.000000 200.000000 200.000000 200.000000 42.966667 200.000000 35.166667 200.000000 200.000000 200.000000 200.000000
 4 28.166667 30.000000 38.700000 40.000000 200.000000 36.333333 200.000000 200.000000 200.000000 200.000000 200.000000 200.000000 29.766667 26.916667 200.000000 200.000000 200.000000 200.000000 200.000000 200.000000 200.000000 200.000000 21.850000 37.083333 200.000000 25.950000 200.000000 200.000000 200.000000 200.000000 200.000000 200.000000 200.000000 200.000000 200.000000 200.000000 200.000000
 5 200.000000 200.000000 200.000000 200.000000 200.000000 200.000000 104.266667 200.000000 200.000000 200.000000 128.116667 200.000000 200.000000 200.000000 200.000000 200.000000 200.000000 200.000000 51.500000 200.000000 44.500000 29.166667 71.333333 59.816667 200.000000 71.016667 33.700000 200.000000 36.166667 200.000000 200.000000 200.000000 200.000000 200.000000 200.000000 200.000000 200.000000
 6 200.000000 60.533333 62.233333 200.000000 200.000000 200.000000 200.000000 200.000000 200.000000 200.000000 200.000000 200.000000 45.250000 52.483333 59.700000 200.000000 200.000000 66.433333 200.000000 200.000000 200.000000 200.000000 200.000000 200.000000 200.000000 61.816667 200.000000 200.000000 200.000000 200.000000 28.400000 9.283333 26.566667 200.000000 200.000000 200.000000 200.000000
[16,*,*]:1 2 3 4 5 6 7 8 9 10 11 12 13 14 15 16 17 18 19 20 21 22 23 24 25 26 27 28 29 30 31 32 33 34 35 36 37:=
 1 34.183333 37.366667 200.000000 46.900000 200.000000 32.816667 200.000000 200.000000 200.000000 200.000000 200.000000 200.000000 200.000000 31.616667 200.000000 200.000000 200.000000 200.000000 25.483333 200.000000 34.533333 200.000000 15.766667 41.066667 200.000000 37.850000 200.000000 200.000000 200.000000 200.000000 200.000000 200.000000 200.000000 200.000000 200.000000 200.000000 200.000000
 2 200.000000 44.600000 39.550000 200.000000 200.000000 200.000000 200.000000 200.000000 200.000000 200.000000 200.000000 200.000000 31.783333 38.383333 36.466667 200.000000 200.000000 47.266667 200.000000 200.000000 200.000000 200.000000 200.000000 200.000000 200.000000 45.383333 200.000000 200.000000 200.000000 200.000000 10.433333 16.566667 14.250000 200.000000 200.000000 200.000000 200.000000
 3 200.000000 44.600000 39.550000 200.000000 200.000000 200.000000 200.000000 200.000000 200.000000 200.000000 200.000000 200.000000 31.783333 38.383333 36.466667 200.000000 200.000000 47.266667 200.000000 200.000000 200.000000 200.000000 200.000000 200.000000 200.000000 45.383333 200.000000 200.000000 200.000000 200.000000 10.433333 16.566667 14.250000 200.000000 200.000000 200.000000 200.000000
 4 200.000000 44.600000 39.550000 200.000000 200.000000 200.000000 200.000000 200.000000 200.000000 200.000000 200.000000 200.000000 31.783333 38.383333 36.466667 200.000000 200.000000 47.266667 200.000000 200.000000 200.000000 200.000000 200.000000 200.000000 200.000000 45.383333 200.000000 200.000000 200.000000 200.000000 10.433333 16.566667 14.250000 200.000000 200.000000 200.000000 200.000000
 5 200.000000 44.600000 39.550000 200.000000 200.000000 200.000000 200.000000 200.000000 200.000000 200.000000 200.000000 200.000000 31.783333 38.383333 36.466667 200.000000 200.000000 47.266667 200.000000 200.000000 200.000000 200.000000 200.000000 200.000000 200.000000 45.383333 200.000000 200.000000 200.000000 200.000000 10.433333 16.566667 14.250000 200.000000 200.000000 200.000000 200.000000
 6 200.000000 44.600000 39.550000 200.000000 200.000000 200.000000 200.000000 200.000000 200.000000 200.000000 200.000000 200.000000 31.783333 38.383333 36.466667 200.000000 200.000000 47.266667 200.000000 200.000000 200.000000 200.000000 200.000000 200.000000 200.000000 45.383333 200.000000 200.000000 200.000000 200.000000 10.433333 16.566667 14.250000 200.000000 200.000000 200.000000 200.000000
[17,*,*]:1 2 3 4 5 6 7 8 9 10 11 12 13 14 15 16 17 18 19 20 21 22 23 24 25 26 27 28 29 30 31 32 33 34 35 36 37:=
 1 11.333333 15.616667 18.016667 16.583333 200.000000 22.833333 200.000000 200.000000 41.666667 200.000000 200.000000 200.000000 27.650000 29.133333 29.666667 200.000000 200.000000 200.000000 200.000000 200.000000 200.000000 200.000000 200.000000 200.000000 200.000000 32.933333 200.000000 200.000000 200.000000 200.000000 200.000000 200.000000 200.000000 200.000000 200.000000 200.000000 200.000000 
 2 26.233333 37.383333 36.850000 26.766667 200.000000 14.633333 200.000000 200.000000 25.366667 37.133333 200.000000 200.000000 200.000000 50.666667 35.383333 200.000000 200.000000 200.000000 200.000000 200.000000 200.000000 200.000000 37.300000 200.000000 200.000000 200.000000 200.000000 200.000000 200.000000 200.000000 200.000000 200.000000 200.000000 200.000000 200.000000 200.000000 200.000000
 3 26.183333 37.133333 36.283333 26.333333 200.000000 14.466667 200.000000 200.000000 23.483333 33.983333 200.000000 200.000000 200.000000 47.033333 33.966667 200.000000 200.000000 200.000000 200.000000 200.000000 200.000000 200.000000 38.016667 200.000000 200.000000 200.000000 200.000000 200.000000 200.000000 200.000000 200.000000 200.000000 200.000000 200.000000 200.000000 200.000000 200.000000
 4 26.183333 37.133333 36.283333 26.333333 200.000000 14.466667 200.000000 200.000000 23.483333 33.983333 200.000000 200.000000 200.000000 47.033333 33.966667 200.000000 200.000000 200.000000 200.000000 200.000000 200.000000 200.000000 38.016667 200.000000 200.000000 200.000000 200.000000 200.000000 200.000000 200.000000 200.000000 200.000000 200.000000 200.000000 200.000000 200.000000 200.000000
 5 26.183333 37.133333 36.283333 26.333333 200.000000 14.466667 200.000000 200.000000 23.483333 33.983333 200.000000 200.000000 200.000000 47.033333 33.966667 200.000000 200.000000 200.000000 200.000000 200.000000 200.000000 200.000000 38.016667 200.000000 200.000000 200.000000 200.000000 200.000000 200.000000 200.000000 200.000000 200.000000 200.000000 200.000000 200.000000 200.000000 200.000000
 6 26.183333 37.133333 36.283333 26.333333 200.000000 14.466667 200.000000 200.000000 23.483333 33.983333 200.000000 200.000000 200.000000 47.033333 33.966667 200.000000 200.000000 200.000000 200.000000 200.000000 200.000000 200.000000 38.016667 200.000000 200.000000 200.000000 200.000000 200.000000 200.000000 200.000000 200.000000 200.000000 200.000000 200.000000 200.000000 200.000000 200.000000
[18,*,*]:1 2 3 4 5 6 7 8 9 10 11 12 13 14 15 16 17 18 19 20 21 22 23 24 25 26 27 28 29 30 31 32 33 34 35 36 37:=
 1 54.750000 57.883333 200.000000 200.000000 200.000000 200.000000 200.000000 200.000000 200.000000 200.000000 200.000000 200.000000 200.000000 53.083333 200.000000 200.000000 200.000000 200.000000 18.083333 200.000000 24.333333 43.066667 41.266667 46.583333 200.000000 60.083333 200.000000 200.000000 31.716667 200.000000 200.000000 200.000000 200.000000 200.000000 200.000000 200.000000 200.000000
 2 44.083333 47.166667 44.433333 40.733333 200.000000 47.533333 200.000000 200.000000 23.866667 200.000000 200.000000 200.000000 45.150000 52.433333 34.116667 200.000000 200.000000 35.200000 200.000000 200.000000 200.000000 200.000000 200.000000 200.000000 200.000000 200.000000 200.000000 200.000000 200.000000 200.000000 200.000000 200.000000 200.000000 200.000000 200.000000 200.000000 200.000000
 3 44.083333 47.166667 44.433333 40.733333 200.000000 47.533333 200.000000 200.000000 23.866667 200.000000 200.000000 200.000000 45.150000 52.433333 34.116667 200.000000 200.000000 35.200000 200.000000 200.000000 200.000000 200.000000 200.000000 200.000000 200.000000 200.000000 200.000000 200.000000 200.000000 200.000000 200.000000 200.000000 200.000000 200.000000 200.000000 200.000000 200.000000
 4 44.083333 47.166667 44.433333 40.733333 200.000000 47.533333 200.000000 200.000000 23.866667 200.000000 200.000000 200.000000 45.150000 52.433333 34.116667 200.000000 200.000000 35.200000 200.000000 200.000000 200.000000 200.000000 200.000000 200.000000 200.000000 200.000000 200.000000 200.000000 200.000000 200.000000 200.000000 200.000000 200.000000 200.000000 200.000000 200.000000 200.000000
 5 44.083333 47.166667 44.433333 40.733333 200.000000 47.533333 200.000000 200.000000 23.866667 200.000000 200.000000 200.000000 45.150000 52.433333 34.116667 200.000000 200.000000 35.200000 200.000000 200.000000 200.000000 200.000000 200.000000 200.000000 200.000000 200.000000 200.000000 200.000000 200.000000 200.000000 200.000000 200.000000 200.000000 200.000000 200.000000 200.000000 200.000000
 6 44.083333 47.166667 44.433333 40.733333 200.000000 47.533333 200.000000 200.000000 23.866667 200.000000 200.000000 200.000000 45.150000 52.433333 34.116667 200.000000 200.000000 35.200000 200.000000 200.000000 200.000000 200.000000 200.000000 200.000000 200.000000 200.000000 200.000000 200.000000 200.000000 200.000000 200.000000 200.000000 200.000000 200.000000 200.000000 200.000000 200.000000
[19,*,*]:1 2 3 4 5 6 7 8 9 10 11 12 13 14 15 16 17 18 19 20 21 22 23 24 25 26 27 28 29 30 31 32 33 34 35 36 37:=
 1 33.850000 38.383333 35.916667 31.116667 200.000000 30.483333 200.000000 200.000000 15.516667 34.583333 200.000000 200.000000 200.000000 200.000000 24.216667 200.000000 200.000000 41.733333 200.000000 200.000000 200.000000 200.000000 200.000000 200.000000 43.083333 200.000000 200.000000 200.000000 200.000000 200.000000 200.000000 200.000000 200.000000 200.000000 200.000000 200.000000 200.000000 
 2 33.850000 38.383333 35.916667 31.116667 200.000000 30.483333 200.000000 200.000000 15.516667 34.583333 200.000000 200.000000 200.000000 200.000000 24.216667 200.000000 200.000000 41.733333 200.000000 200.000000 200.000000 200.000000 200.000000 200.000000 43.083333 200.000000 200.000000 200.000000 200.000000 200.000000 200.000000 200.000000 200.000000 200.000000 200.000000 200.000000 200.000000
 3 33.850000 38.383333 35.916667 31.116667 200.000000 30.483333 200.000000 200.000000 15.516667 34.583333 200.000000 200.000000 200.000000 200.000000 24.216667 200.000000 200.000000 41.733333 200.000000 200.000000 200.000000 200.000000 200.000000 200.000000 43.083333 200.000000 200.000000 200.000000 200.000000 200.000000 200.000000 200.000000 200.000000 200.000000 200.000000 200.000000 200.000000
 4 33.850000 38.383333 35.916667 31.116667 200.000000 30.483333 200.000000 200.000000 15.516667 34.583333 200.000000 200.000000 200.000000 200.000000 24.216667 200.000000 200.000000 41.733333 200.000000 200.000000 200.000000 200.000000 200.000000 200.000000 43.083333 200.000000 200.000000 200.000000 200.000000 200.000000 200.000000 200.000000 200.000000 200.000000 200.000000 200.000000 200.000000
 5 33.850000 38.383333 35.916667 31.116667 200.000000 30.483333 200.000000 200.000000 15.516667 34.583333 200.000000 200.000000 200.000000 200.000000 24.216667 200.000000 200.000000 41.733333 200.000000 200.000000 200.000000 200.000000 200.000000 200.000000 43.083333 200.000000 200.000000 200.000000 200.000000 200.000000 200.000000 200.000000 200.000000 200.000000 200.000000 200.000000 200.000000
 6 33.850000 38.383333 35.916667 31.116667 200.000000 30.483333 200.000000 200.000000 15.516667 34.583333 200.000000 200.000000 200.000000 200.000000 24.216667 200.000000 200.000000 41.733333 200.000000 200.000000 200.000000 200.000000 200.000000 200.000000 43.083333 200.000000 200.000000 200.000000 200.000000 200.000000 200.000000 200.000000 200.000000 200.000000 200.000000 200.000000 200.000000
[20,*,*]:1 2 3 4 5 6 7 8 9 10 11 12 13 14 15 16 17 18 19 20 21 22 23 24 25 26 27 28 29 30 31 32 33 34 35 36 37:=
 1 200.000000 44.083333 47.950000 200.000000 200.000000 200.000000 200.000000 200.000000 200.000000 200.000000 200.000000 200.000000 30.616667 38.750000 45.366667 200.000000 200.000000 60.366667 200.000000 200.000000 200.000000 200.000000 200.000000 200.000000 200.000000 44.633333 200.000000 200.000000 200.000000 200.000000 13.400000 1.933333 16.700000 200.000000 200.000000 200.000000 200.000000  
 2 38.650000 32.600000 39.600000 40.483333 200.000000 200.000000 200.000000 200.000000 200.000000 200.000000 200.000000 200.000000 22.800000 23.333333 200.000000 200.000000 200.000000 200.000000 39.016667 200.000000 200.000000 200.000000 31.500000 6.200000 200.000000 16.516667 200.000000 200.000000 200.000000 200.000000 200.000000 200.000000 200.000000 200.000000 200.000000 200.000000 200.000000
 3 200.000000 200.000000 200.000000 200.000000 200.000000 54.033333 91.150000 200.000000 200.000000 88.233333 200.000000 200.000000 200.000000 200.000000 200.000000 200.000000 200.000000 200.000000 19.800000 200.000000 28.916667 37.633333 42.100000 52.050000 200.000000 66.066667 200.000000 200.000000 25.700000 200.000000 200.000000 200.000000 200.000000 200.000000 200.000000 200.000000 200.000000
 4 26.883333 30.116667 21.083333 32.966667 200.000000 34.350000 200.000000 200.000000 27.916667 200.000000 200.000000 200.000000 28.383333 34.983333 13.216667 200.000000 200.000000 23.933333 200.000000 200.000000 200.000000 200.000000 200.000000 200.000000 200.000000 200.000000 200.000000 200.000000 200.000000 200.000000 200.000000 200.000000 200.000000 200.000000 200.000000 200.000000 200.000000
 5 26.883333 30.116667 21.083333 32.966667 200.000000 34.350000 200.000000 200.000000 27.916667 200.000000 200.000000 200.000000 28.383333 34.983333 13.216667 200.000000 200.000000 23.933333 200.000000 200.000000 200.000000 200.000000 200.000000 200.000000 200.000000 200.000000 200.000000 200.000000 200.000000 200.000000 200.000000 200.000000 200.000000 200.000000 200.000000 200.000000 200.000000
 6 26.883333 30.116667 21.083333 32.966667 200.000000 34.350000 200.000000 200.000000 27.916667 200.000000 200.000000 200.000000 28.383333 34.983333 13.216667 200.000000 200.000000 23.933333 200.000000 200.000000 200.000000 200.000000 200.000000 200.000000 200.000000 200.000000 200.000000 200.000000 200.000000 200.000000 200.000000 200.000000 200.000000 200.000000 200.000000 200.000000 200.000000
[21,*,*]:1 2 3 4 5 6 7 8 9 10 11 12 13 14 15 16 17 18 19 20 21 22 23 24 25 26 27 28 29 30 31 32 33 34 35 36 37:=
 1 200.000000 65.050000 62.250000 200.000000 200.000000 200.000000 200.000000 200.000000 200.000000 200.000000 200.000000 200.000000 53.066667 57.950000 62.916667 200.000000 200.000000 74.900000 200.000000 200.000000 200.000000 200.000000 200.000000 200.000000 200.000000 66.800000 200.000000 200.000000 200.000000 200.000000 11.116667 30.783333 31.433333 200.000000 200.000000 200.000000 200.000000 
 2 6.066667 28.183333 30.250000 19.850000 200.000000 25.133333 200.000000 200.000000 200.000000 200.000000 200.000000 200.000000 43.566667 44.200000 39.466667 200.000000 200.000000 200.000000 200.000000 200.000000 200.000000 200.000000 33.233333 200.000000 200.000000 50.166667 200.000000 200.000000 200.000000 200.000000 200.000000 200.000000 200.000000 200.000000 200.000000 200.000000 200.000000
 3 22.450000 22.283333 29.466667 30.116667 200.000000 27.366667 200.000000 200.000000 200.000000 200.000000 200.000000 200.000000 27.900000 24.500000 200.000000 200.000000 200.000000 200.000000 200.000000 200.000000 200.000000 200.000000 15.133333 30.433333 200.000000 23.650000 200.000000 200.000000 200.000000 200.000000 200.000000 200.000000 200.000000 200.000000 200.000000 200.000000 200.000000
 4 24.533333 35.200000 34.533333 20.200000 200.000000 12.383333 200.000000 200.000000 25.766667 32.533333 200.000000 200.000000 200.000000 45.933333 30.933333 200.000000 200.000000 200.000000 200.000000 200.000000 200.000000 200.000000 36.600000 200.000000 200.000000 200.000000 200.000000 200.000000 200.000000 200.000000 200.000000 200.000000 200.000000 200.000000 200.000000 200.000000 200.000000
 5 25.866667 38.266667 37.166667 21.033333 200.000000 16.000000 200.000000 200.000000 27.116667 36.433333 200.000000 200.000000 200.000000 46.666667 31.516667 200.000000 200.000000 200.000000 200.000000 200.000000 200.000000 200.000000 200.000000 200.000000 200.000000 51.950000 200.000000 200.000000 200.000000 200.000000 200.000000 200.000000 200.000000 200.000000 200.000000 200.000000 200.000000 
 6 25.866667 38.266667 37.166667 21.033333 200.000000 16.000000 200.000000 200.000000 27.116667 36.433333 200.000000 200.000000 200.000000 46.666667 31.516667 200.000000 200.000000 200.000000 200.000000 200.000000 200.000000 200.000000 200.000000 200.000000 200.000000 51.950000 200.000000 200.000000 200.000000 200.000000 200.000000 200.000000 200.000000 200.000000 200.000000 200.000000 200.000000
[22,*,*]:1 2 3 4 5 6 7 8 9 10 11 12 13 14 15 16 17 18 19 20 21 22 23 24 25 26 27 28 29 30 31 32 33 34 35 36 37:=
 1 200.000000 200.000000 200.000000 200.000000 200.000000 200.000000 79.566667 200.000000 200.000000 200.000000 200.000000 200.000000 200.000000 200.000000 200.000000 200.000000 200.000000 200.000000 34.283333 200.000000 27.366667 14.883333 43.300000 46.950000 51.633333 57.083333 35.966667 200.000000 16.083333 200.000000 200.000000 200.000000 200.000000 200.000000 200.000000 200.000000 200.000000  
 2 28.450000 39.200000 36.200000 32.200000 200.000000 20.250000 31.633333 200.000000 25.416667 28.850000 200.000000 200.000000 200.000000 200.000000 29.800000 200.000000 200.000000 200.000000 200.000000 200.000000 200.000000 200.000000 200.000000 200.000000 38.033333 200.000000 200.000000 200.000000 200.000000 200.000000 200.000000 200.000000 200.000000 200.000000 200.000000 200.000000 200.000000 
 3 28.450000 39.200000 36.200000 32.200000 200.000000 20.250000 31.633333 200.000000 25.416667 28.850000 200.000000 200.000000 200.000000 200.000000 29.800000 200.000000 200.000000 200.000000 200.000000 200.000000 200.000000 200.000000 200.000000 200.000000 38.033333 200.000000 200.000000 200.000000 200.000000 200.000000 200.000000 200.000000 200.000000 200.000000 200.000000 200.000000 200.000000
 4 28.450000 39.200000 36.200000 32.200000 200.000000 20.250000 31.633333 200.000000 25.416667 28.850000 200.000000 200.000000 200.000000 200.000000 29.800000 200.000000 200.000000 200.000000 200.000000 200.000000 200.000000 200.000000 200.000000 200.000000 38.033333 200.000000 200.000000 200.000000 200.000000 200.000000 200.000000 200.000000 200.000000 200.000000 200.000000 200.000000 200.000000
 5 28.450000 39.200000 36.200000 32.200000 200.000000 20.250000 31.633333 200.000000 25.416667 28.850000 200.000000 200.000000 200.000000 200.000000 29.800000 200.000000 200.000000 200.000000 200.000000 200.000000 200.000000 200.000000 200.000000 200.000000 38.033333 200.000000 200.000000 200.000000 200.000000 200.000000 200.000000 200.000000 200.000000 200.000000 200.000000 200.000000 200.000000
 6 28.450000 39.200000 36.200000 32.200000 200.000000 20.250000 31.633333 200.000000 25.416667 28.850000 200.000000 200.000000 200.000000 200.000000 29.800000 200.000000 200.000000 200.000000 200.000000 200.000000 200.000000 200.000000 200.000000 200.000000 38.033333 200.000000 200.000000 200.000000 200.000000 200.000000 200.000000 200.000000 200.000000 200.000000 200.000000 200.000000 200.000000
[23,*,*]:1 2 3 4 5 6 7 8 9 10 11 12 13 14 15 16 17 18 19 20 21 22 23 24 25 26 27 28 29 30 31 32 33 34 35 36 37:=
 1 18.583333 31.916667 29.683333 5.250000 200.000000 23.766667 200.000000 200.000000 43.433333 200.000000 200.000000 200.000000 200.000000 45.183333 39.333333 200.000000 200.000000 200.000000 200.000000 200.000000 200.000000 200.000000 38.950000 200.000000 200.000000 51.083333 200.000000 200.000000 200.000000 200.000000 200.000000 200.000000 200.000000 200.000000 200.000000 200.000000 200.000000  
 2 200.000000 51.466667 49.966667 200.000000 200.000000 200.000000 200.000000 200.000000 200.000000 200.000000 200.000000 200.000000 36.166667 43.950000 47.266667 200.000000 200.000000 58.750000 200.000000 200.000000 200.000000 200.000000 200.000000 200.000000 200.000000 52.450000 200.000000 200.000000 200.000000 200.000000 24.700000 21.250000 10.950000 200.000000 200.000000 200.000000 200.000000
 3 200.000000 64.333333 57.616667 66.883333 200.000000 200.000000 200.000000 200.000000 55.150000 200.000000 200.000000 200.000000 58.550000 200.000000 44.583333 200.000000 200.000000 13.783333 200.000000 200.000000 200.000000 200.000000 200.000000 200.000000 200.000000 200.000000 200.000000 200.000000 200.000000 200.000000 58.916667 57.016667 46.433333 200.000000 200.000000 200.000000 200.000000
 4 200.000000 64.333333 57.616667 66.883333 200.000000 200.000000 200.000000 200.000000 55.150000 200.000000 200.000000 200.000000 58.550000 200.000000 44.583333 200.000000 200.000000 13.783333 200.000000 200.000000 200.000000 200.000000 200.000000 200.000000 200.000000 200.000000 200.000000 200.000000 200.000000 200.000000 58.916667 57.016667 46.433333 200.000000 200.000000 200.000000 200.000000
 5 200.000000 64.333333 57.616667 66.883333 200.000000 200.000000 200.000000 200.000000 55.150000 200.000000 200.000000 200.000000 58.550000 200.000000 44.583333 200.000000 200.000000 13.783333 200.000000 200.000000 200.000000 200.000000 200.000000 200.000000 200.000000 200.000000 200.000000 200.000000 200.000000 200.000000 58.916667 57.016667 46.433333 200.000000 200.000000 200.000000 200.000000
 6 200.000000 64.333333 57.616667 66.883333 200.000000 200.000000 200.000000 200.000000 55.150000 200.000000 200.000000 200.000000 58.550000 200.000000 44.583333 200.000000 200.000000 13.783333 200.000000 200.000000 200.000000 200.000000 200.000000 200.000000 200.000000 200.000000 200.000000 200.000000 200.000000 200.000000 58.916667 57.016667 46.433333 200.000000 200.000000 200.000000 200.000000
[24,*,*]:1 2 3 4 5 6 7 8 9 10 11 12 13 14 15 16 17 18 19 20 21 22 23 24 25 26 27 28 29 30 31 32 33 34 35 36 37:=
 1 29.766667 25.150000 22.266667 30.150000 200.000000 200.000000 200.000000 200.000000 200.000000 200.000000 200.000000 22.500000 14.100000 24.116667 24.250000 200.000000 200.000000 200.000000 200.000000 200.000000 200.000000 200.000000 200.000000 200.000000 27.366667 30.333333 200.000000 200.000000 200.000000 200.000000 200.000000 200.000000 200.000000 200.000000 200.000000 200.000000 200.000000  
 2 200.000000 56.316667 55.433333 200.000000 200.000000 200.000000 200.000000 200.000000 200.000000 200.000000 200.000000 47.150000 43.983333 51.566667 50.916667 200.000000 200.000000 58.300000 200.000000 200.000000 200.000000 200.000000 200.000000 200.000000 200.000000 200.000000 200.000000 200.000000 200.000000 200.000000 16.016667 19.516667 25.616667 200.000000 200.000000 200.000000 200.000000
 3 35.750000 22.116667 33.266667 200.000000 200.000000 200.000000 200.000000 200.000000 200.000000 200.000000 200.000000 36.150000 13.033333 7.766667 200.000000 200.000000 200.000000 200.000000 200.000000 200.000000 200.000000 200.000000 25.616667 20.450000 27.016667 21.550000 200.000000 200.000000 200.000000 200.000000 200.000000 200.000000 200.000000 200.000000 200.000000 200.000000 200.000000
 4 35.750000 22.116667 33.266667 200.000000 200.000000 200.000000 200.000000 200.000000 200.000000 200.000000 200.000000 36.150000 13.033333 7.766667 200.000000 200.000000 200.000000 200.000000 200.000000 200.000000 200.000000 200.000000 25.616667 20.450000 27.016667 21.550000 200.000000 200.000000 200.000000 200.000000 200.000000 200.000000 200.000000 200.000000 200.000000 200.000000 200.000000
 5 35.750000 22.116667 33.266667 200.000000 200.000000 200.000000 200.000000 200.000000 200.000000 200.000000 200.000000 36.150000 13.033333 7.766667 200.000000 200.000000 200.000000 200.000000 200.000000 200.000000 200.000000 200.000000 25.616667 20.450000 27.016667 21.550000 200.000000 200.000000 200.000000 200.000000 200.000000 200.000000 200.000000 200.000000 200.000000 200.000000 200.000000
 6 35.750000 22.116667 33.266667 200.000000 200.000000 200.000000 200.000000 200.000000 200.000000 200.000000 200.000000 36.150000 13.033333 7.766667 200.000000 200.000000 200.000000 200.000000 200.000000 200.000000 200.000000 200.000000 25.616667 20.450000 27.016667 21.550000 200.000000 200.000000 200.000000 200.000000 200.000000 200.000000 200.000000 200.000000 200.000000 200.000000 200.000000
;